1102344568 0 0 0 0 1 0 0 0 0 0 0 0 0 0 0 0 0 0 0 0
1102345299 0 0 0 0 2 0 0 0 0 0 0 0 0 0 0 0 0 0 0 0
1102857504 0 0 0 0 2 0 1 0 0 0 0 0 0 0 0 0 0 0 0 0
1102866793 0 0 0 0 2 0 2 0 0 0 0 0 0 0 0 0 0 0 0 0
1102902463 0 0 1 0 2 0 2 0 0 0 0 0 0 0 0 0 0 0 0 0
1103477163 0 0 1 0 2 0 3 0 0 0 0 0 0 0 0 0 0 0 0 0
1103477194 0 0 1 0 2 0 4 0 0 0 0 0 0 0 0 0 0 0 0 0
1104075708 0 0 2 0 2 0 4 0 0 0 0 0 0 0 0 0 0 0 0 0
1104201003 0 0 3 0 2 0 4 0 0 0 0 0 0 0 0 0 0 0 0 0
1104209348 0 0 3 0 3 0 4 0 0 0 0 0 0 0 0 0 0 0 0 0
1104209963 0 0 3 0 4 0 4 0 0 0 0 0 0 0 0 0 0 0 0 0
1104210971 0 0 4 0 4 0 4 0 0 0 0 0 0 0 0 0 0 0 0 0
1104218570 0 0 5 0 4 0 4 0 0 0 0 0 0 0 0 0 0 0 0 0
1104218628 0 0 6 0 4 0 4 0 0 0 0 0 0 0 0 0 0 0 0 0
1104524443 0 0 6 0 4 0 5 0 0 0 0 0 0 0 0 0 0 0 0 0
1104524488 0 0 6 0 4 0 6 0 0 0 0 0 0 0 0 0 0 0 0 0
1104721092 0 0 7 0 4 0 6 0 0 0 0 0 0 0 0 0 0 0 0 0
1106666545 0 0 7 0 5 0 6 0 0 0 0 0 0 0 0 0 0 0 0 0
1106701626 0 0 8 0 5 0 6 0 0 0 0 0 0 0 0 0 0 0 0 0
1106965313 0 0 8 0 6 0 6 0 0 0 0 0 0 0 0 0 0 0 0 0
1107793022 0 0 8 0 7 0 6 0 0 0 0 0 0 0 0 0 0 0 0 0
1107793065 0 0 8 0 8 0 6 0 0 0 0 0 0 0 0 0 0 0 0 0
1107794319 0 0 8 0 9 0 6 0 0 0 0 0 0 0 0 0 0 0 0 0
1108224798 0 0 8 0 9 0 7 0 0 0 0 0 0 0 0 0 0 0 0 0
1108224805 0 0 8 0 9 0 8 0 0 0 0 0 0 0 0 0 0 0 0 0
1108406152 0 0 8 0 9 0 9 0 0 0 0 0 0 0 0 0 0 0 0 0
1108745424 0 0 8 0 9 0 10 0 0 0 0 0 0 0 0 0 0 0 0 0
1108745433 0 0 8 0 9 0 11 0 0 0 0 0 0 0 0 0 0 0 0 0
1108745440 0 0 8 0 9 0 12 0 0 0 0 0 0 0 0 0 0 0 0 0
1108771933 0 0 8 0 9 0 13 0 0 0 0 0 0 0 0 0 0 0 0 0
1108771950 0 0 8 0 9 0 14 0 0 0 0 0 0 0 0 0 0 0 0 0
1108771980 0 0 8 0 9 0 15 0 0 0 0 0 0 0 0 0 0 0 0 0
1108771989 0 0 8 0 9 0 16 0 0 0 0 0 0 0 0 0 0 0 0 0
1108771998 0 0 8 0 9 0 17 0 0 0 0 0 0 0 0 0 0 0 0 0
1108801415 0 0 8 0 9 0 18 0 0 0 0 0 0 0 0 0 0 0 0 0
1108801425 0 0 8 0 9 0 19 0 0 0 0 0 0 0 0 0 0 0 0 0
1108801437 0 0 8 0 9 0 20 0 0 0 0 0 0 0 0 0 0 0 0 0
1108803013 0 0 8 0 9 0 21 0 0 0 0 0 0 0 0 0 0 0 0 0
1108811726 0 0 9 0 9 0 21 0 0 0 0 0 0 0 0 0 0 0 0 0
1108827766 0 0 9 0 10 0 21 0 0 0 0 0 0 0 0 0 0 0 0 0
1108865017 0 0 9 0 10 0 22 0 0 0 0 0 0 0 0 0 0 0 0 0
1108911787 0 0 9 0 10 0 23 0 0 0 0 0 0 0 0 0 0 0 0 0
1108914472 0 0 9 0 10 0 24 0 0 0 0 0 0 0 0 0 0 0 0 0
1108914479 0 0 9 0 10 0 25 0 0 0 0 0 0 0 0 0 0 0 0 0
1109220765 0 0 10 0 10 0 25 0 0 0 0 0 0 0 0 0 0 0 0 0
1109230713 0 0 11 0 10 0 25 0 0 0 0 0 0 0 0 0 0 0 0 0
1109234987 0 0 11 0 11 0 25 0 0 0 0 0 0 0 0 0 0 0 0 0
1109300600 0 0 11 0 11 0 26 0 0 0 0 0 0 0 0 0 0 0 0 0
1109300601 0 0 11 0 11 0 27 0 0 0 0 0 0 0 0 0 0 0 0 0
1109300612 0 0 11 0 11 0 28 0 0 0 0 0 0 0 0 0 0 0 0 0
1109300614 0 0 11 0 11 0 29 0 0 0 0 0 0 0 0 0 0 0 0 0
1109300616 0 0 11 0 11 0 30 0 0 0 0 0 0 0 0 0 0 0 0 0
1109300618 0 0 11 0 11 0 31 0 0 0 0 0 0 0 0 0 0 0 0 0
1109410977 0 0 11 0 11 0 32 0 0 0 0 0 0 0 0 0 0 0 0 0
1109439555 0 0 11 0 12 0 32 0 0 0 0 0 0 0 0 0 0 0 0 0
1109441274 0 0 11 0 13 0 32 0 0 0 0 0 0 0 0 0 0 0 0 0
1109443628 0 0 11 0 13 0 33 0 0 0 0 0 0 0 0 0 0 0 0 0
1109524222 0 0 11 0 14 0 33 0 0 0 0 0 0 0 0 0 0 0 0 0
1109555940 0 0 12 0 14 0 33 0 0 0 0 0 0 0 0 0 0 0 0 0
1109560239 0 0 13 0 14 0 33 0 0 0 0 0 0 0 0 0 0 0 0 0
1109708204 0 0 14 0 14 0 33 0 0 0 0 0 0 0 0 0 0 0 0 0
1109744449 0 0 14 0 14 0 34 0 0 0 0 0 0 0 0 0 0 0 0 0
1109744553 0 0 14 0 14 0 35 0 0 0 0 0 0 0 0 0 0 0 0 0
1109744624 0 0 14 0 14 0 36 0 0 0 0 0 0 0 0 0 0 0 0 0
1110350683 0 0 14 0 14 0 37 0 0 0 0 0 0 0 0 0 0 0 0 0
1111151558 0 0 14 0 15 0 37 0 0 0 0 0 0 0 0 0 0 0 0 0
1111228966 0 0 14 0 16 0 37 0 0 0 0 0 0 0 0 0 0 0 0 0
1111291126 0 0 15 0 16 0 37 0 0 0 0 0 0 0 0 0 0 0 0 0
1111302501 0 0 16 0 16 0 37 0 0 0 0 0 0 0 0 0 0 0 0 0
1111389631 0 0 17 0 16 0 37 0 0 0 0 0 0 0 0 0 0 0 0 0
1111391341 0 0 18 0 16 0 37 0 0 0 0 0 0 0 0 0 0 0 0 0
1111473466 0 0 19 0 16 0 37 0 0 0 0 0 0 0 0 0 0 0 0 0
1112086550 0 0 20 0 16 0 37 0 0 0 0 0 0 0 0 0 0 0 0 0
1112284457 0 0 20 0 16 0 37 0 0 0 0 0 0 0 0 1 0 0 0 0
1112285515 0 0 20 0 16 0 37 0 0 0 0 0 0 0 0 2 0 0 0 0
1112285994 0 0 20 0 16 0 37 0 0 0 0 0 0 0 0 3 0 0 0 0
1112286195 0 0 20 0 16 0 37 0 0 0 0 0 0 0 0 4 0 0 0 0
1112349781 0 0 21 0 16 0 37 0 0 0 0 0 0 0 0 4 0 0 0 0
1112435445 0 0 22 0 16 0 37 0 0 0 0 0 0 0 0 4 0 0 0 0
1112435650 0 0 23 0 16 0 37 0 0 0 0 0 0 0 0 4 0 0 0 0
1112459305 0 0 23 0 16 0 37 0 0 0 0 0 0 0 0 5 0 0 0 0
1112493749 0 0 24 0 16 0 37 0 0 0 0 0 0 0 0 5 0 0 0 0
1112514797 0 0 25 0 16 0 37 0 0 0 0 0 0 0 0 5 0 0 0 0
1112518704 0 0 26 0 16 0 37 0 0 0 0 0 0 0 0 5 0 0 0 0
1112521453 0 0 27 0 16 0 37 0 0 0 0 0 0 0 0 5 0 0 0 0
1112872621 0 0 28 0 16 0 37 0 0 0 0 0 0 0 0 5 0 0 0 0
1113664628 0 0 28 0 16 0 38 0 0 0 0 0 0 0 0 5 0 0 0 0
1114775996 0 0 29 0 16 0 38 0 0 0 0 0 0 0 0 5 0 0 0 0
1123163387 0 0 30 0 16 0 38 0 0 0 0 0 0 0 0 5 0 0 0 0
1123490540 0 0 30 0 17 0 38 0 0 0 0 0 0 0 0 5 0 0 0 0
1123507665 0 0 31 0 17 0 38 0 0 0 0 0 0 0 0 5 0 0 0 0
1128088929 0 0 31 0 17 0 38 0 0 0 0 0 0 1 0 5 0 0 0 0
1128089805 0 0 32 0 17 0 38 0 0 0 0 0 0 1 0 5 0 0 0 0
1128873950 0 0 33 0 17 0 38 0 0 0 0 0 0 1 0 5 0 0 0 0
1128953885 0 0 34 0 17 0 38 0 0 0 0 0 0 1 0 5 0 0 0 0
1129213704 0 0 35 0 17 0 38 0 0 0 0 0 0 1 0 5 0 0 0 0
1129334559 0 0 35 0 17 0 39 0 0 0 0 0 0 1 0 5 0 0 0 0
1129334997 0 0 35 0 17 0 40 0 0 0 0 0 0 1 0 5 0 0 0 0
1129346719 0 0 36 0 17 0 40 0 0 0 0 0 0 1 0 5 0 0 0 0
1129388052 0 0 37 0 17 0 40 0 0 0 0 0 0 1 0 5 0 0 0 0
1129390680 0 0 37 0 17 0 41 0 0 0 0 0 0 1 0 5 0 0 0 0
1129392081 0 0 37 0 17 0 42 0 0 0 0 0 0 1 0 5 0 0 0 0
1129394149 0 0 37 0 17 0 43 0 0 0 0 0 0 1 0 5 0 0 0 0
1129465418 0 0 37 0 17 0 44 0 0 0 0 0 0 1 0 5 0 0 0 0
1129572377 0 0 37 0 17 0 44 0 0 0 0 0 0 2 0 5 0 0 0 0
1129575406 0 0 37 0 17 0 44 0 0 0 0 0 0 3 0 5 0 0 0 0
1129590323 0 0 38 0 17 0 44 0 0 0 0 0 0 3 0 5 0 0 0 0
1129668472 0 0 38 0 17 0 44 0 0 0 0 0 0 4 0 5 0 0 0 0
1129918964 0 0 38 0 18 0 44 0 0 0 0 0 0 4 0 5 0 0 0 0
1129949641 0 0 38 0 18 0 44 0 0 0 0 0 0 5 0 5 0 0 0 0
1129963737 0 0 38 0 18 0 45 0 0 0 0 0 0 5 0 5 0 0 0 0
1129963779 0 0 38 0 18 0 46 0 0 0 0 0 0 5 0 5 0 0 0 0
1129963784 0 0 38 0 18 0 47 0 0 0 0 0 0 5 0 5 0 0 0 0
1129963789 0 0 38 0 18 0 48 0 0 0 0 0 0 5 0 5 0 0 0 0
1129963798 0 0 38 0 18 0 49 0 0 0 0 0 0 5 0 5 0 0 0 0
1129963805 0 0 38 0 18 0 50 0 0 0 0 0 0 5 0 5 0 0 0 0
1129963809 0 0 38 0 18 0 51 0 0 0 0 0 0 5 0 5 0 0 0 0
1129963822 0 0 38 0 18 0 52 0 0 0 0 0 0 5 0 5 0 0 0 0
1129963825 0 0 38 0 18 0 53 0 0 0 0 0 0 5 0 5 0 0 0 0
1129963833 0 0 38 0 18 0 54 0 0 0 0 0 0 5 0 5 0 0 0 0
1129963838 0 0 38 0 18 0 55 0 0 0 0 0 0 5 0 5 0 0 0 0
1129963841 0 0 38 0 18 0 56 0 0 0 0 0 0 5 0 5 0 0 0 0
1129963848 0 0 38 0 18 0 57 0 0 0 0 0 0 5 0 5 0 0 0 0
1129963852 0 0 38 0 18 0 58 0 0 0 0 0 0 5 0 5 0 0 0 0
1129963856 0 0 38 0 18 0 59 0 0 0 0 0 0 5 0 5 0 0 0 0
1129963890 0 0 38 0 18 0 60 0 0 0 0 0 0 5 0 5 0 0 0 0
1129963894 0 0 38 0 18 0 61 0 0 0 0 0 0 5 0 5 0 0 0 0
1129963898 0 0 38 0 18 0 62 0 0 0 0 0 0 5 0 5 0 0 0 0
1129963911 0 0 38 0 18 0 63 0 0 0 0 0 0 5 0 5 0 0 0 0
1129963917 0 0 38 0 18 0 64 0 0 0 0 0 0 5 0 5 0 0 0 0
1129963921 0 0 38 0 18 0 65 0 0 0 0 0 0 5 0 5 0 0 0 0
1129963925 0 0 38 0 18 0 66 0 0 0 0 0 0 5 0 5 0 0 0 0
1129963935 0 0 38 0 18 0 67 0 0 0 0 0 0 5 0 5 0 0 0 0
1129963940 0 0 38 0 18 0 68 0 0 0 0 0 0 5 0 5 0 0 0 0
1129963946 0 0 38 0 18 0 69 0 0 0 0 0 0 5 0 5 0 0 0 0
1129963951 0 0 38 0 18 0 70 0 0 0 0 0 0 5 0 5 0 0 0 0
1129963955 0 0 38 0 18 0 71 0 0 0 0 0 0 5 0 5 0 0 0 0
1129963960 0 0 38 0 18 0 72 0 0 0 0 0 0 5 0 5 0 0 0 0
1129963977 0 0 38 0 18 0 73 0 0 0 0 0 0 5 0 5 0 0 0 0
1129964075 0 0 38 0 18 0 74 0 0 0 0 0 0 5 0 5 0 0 0 0
1129964086 0 0 38 0 18 0 75 0 0 0 0 0 0 5 0 5 0 0 0 0
1129964089 0 0 38 0 18 0 76 0 0 0 0 0 0 5 0 5 0 0 0 0
1129964094 0 0 38 0 18 0 77 0 0 0 0 0 0 5 0 5 0 0 0 0
1129964279 0 0 38 0 18 0 78 0 0 0 0 0 0 5 0 5 0 0 0 0
1129964301 0 0 38 0 18 0 79 0 0 0 0 0 0 5 0 5 0 0 0 0
1129964319 0 0 38 0 18 0 80 0 0 0 0 0 0 5 0 5 0 0 0 0
1129964338 0 0 38 0 18 0 81 0 0 0 0 0 0 5 0 5 0 0 0 0
1129964352 0 0 38 0 18 0 82 0 0 0 0 0 0 5 0 5 0 0 0 0
1129964367 0 0 38 0 18 0 83 0 0 0 0 0 0 5 0 5 0 0 0 0
1130023129 0 0 38 0 18 0 83 0 0 0 0 0 0 6 0 5 0 0 0 0
1130046732 0 0 38 0 18 0 83 0 0 0 0 0 0 7 0 5 0 0 0 0
1130168547 0 0 38 0 18 0 84 0 0 0 0 0 0 7 0 5 0 0 0 0
1130556580 0 0 38 0 19 0 84 0 0 0 0 0 0 7 0 5 0 0 0 0
1130697563 0 0 39 0 19 0 84 0 0 0 0 0 0 7 0 5 0 0 0 0
1130754288 0 0 40 0 19 0 84 0 0 0 0 0 0 7 0 5 0 0 0 0
1130761871 0 0 41 0 19 0 84 0 0 0 0 0 0 7 0 5 0 0 0 0
1130764986 0 0 42 0 19 0 84 0 0 0 0 0 0 7 0 5 0 0 0 0
1130767631 0 0 43 0 19 0 84 0 0 0 0 0 0 7 0 5 0 0 0 0
1130768085 0 0 44 0 19 0 84 0 0 0 0 0 0 7 0 5 0 0 0 0
1130805749 0 0 44 0 20 0 84 0 0 0 0 0 0 7 0 5 0 0 0 0
1131250733 0 0 45 0 20 0 84 0 0 0 0 0 0 7 0 5 0 0 0 0
1131250811 0 0 46 0 20 0 84 0 0 0 0 0 0 7 0 5 0 0 0 0
1131557832 0 0 46 0 21 0 84 0 0 0 0 0 0 7 0 5 0 0 0 0
1131710094 0 0 46 0 21 0 84 0 0 0 0 0 0 8 0 5 0 0 0 0
1131713520 0 0 46 0 22 0 84 0 0 0 0 0 0 8 0 5 0 0 0 0
1131766377 0 0 47 0 22 0 84 0 0 0 0 0 0 8 0 5 0 0 0 0
1131892348 0 0 47 0 22 0 84 0 0 0 0 0 0 9 0 5 0 0 0 0
1131893387 0 0 48 0 22 0 84 0 0 0 0 0 0 9 0 5 0 0 0 0
1132954376 0 0 48 0 22 0 84 0 0 0 0 0 0 10 0 5 0 0 0 0
1132961772 0 0 48 0 22 0 84 0 0 0 0 0 0 11 0 5 0 0 0 0
1132965475 0 0 48 0 22 0 84 0 0 0 0 0 0 12 0 5 0 0 0 0
1133005119 0 0 48 0 22 0 84 0 0 0 0 0 0 13 0 5 0 0 0 0
1133448237 0 0 48 0 23 0 84 0 0 0 0 0 0 13 0 5 0 0 0 0
1133448272 0 0 48 0 24 0 84 0 0 0 0 0 0 13 0 5 0 0 0 0
1133619570 0 0 49 0 24 0 84 0 0 0 0 0 0 13 0 5 0 0 0 0
1133621689 0 0 50 0 24 0 84 0 0 0 0 0 0 13 0 5 0 0 0 0
1133670566 0 0 50 0 25 0 84 0 0 0 0 0 0 13 0 5 0 0 0 0
1133672266 0 0 50 0 26 0 84 0 0 0 0 0 0 13 0 5 0 0 0 0
1133672321 0 0 50 0 27 0 84 0 0 0 0 0 0 13 0 5 0 0 0 0
1133673276 0 0 50 0 28 0 84 0 0 0 0 0 0 13 0 5 0 0 0 0
1133680824 0 0 51 0 28 0 84 0 0 0 0 0 0 13 0 5 0 0 0 0
1133690835 0 0 52 0 28 0 84 0 0 0 0 0 0 13 0 5 0 0 0 0
1133697873 0 0 53 0 28 0 84 0 0 0 0 0 0 13 0 5 0 0 0 0
1133883209 0 0 53 0 29 0 84 0 0 0 0 0 0 13 0 5 0 0 0 0
1133886415 0 0 53 0 30 0 84 0 0 0 0 0 0 13 0 5 0 0 0 0
1133887737 0 0 54 0 30 0 84 0 0 0 0 0 0 13 0 5 0 0 0 0
1133927045 0 0 54 0 31 0 84 0 0 0 0 0 0 13 0 5 0 0 0 0
1133970411 0 0 54 0 32 0 84 0 0 0 0 0 0 13 0 5 0 0 0 0
1134821663 0 0 55 0 32 0 84 0 0 0 0 0 0 13 0 5 0 0 0 0
1134908895 0 0 55 0 33 0 84 0 0 0 0 0 0 13 0 5 0 0 0 0
1134910937 0 0 55 0 34 0 84 0 0 0 0 0 0 13 0 5 0 0 0 0
1135952741 0 0 56 0 34 0 84 0 0 0 0 0 0 13 0 5 0 0 0 0
1138199087 0 0 56 0 34 0 84 0 0 0 0 0 0 13 0 5 0 0 0 0
1141490199 0 0 56 0 35 0 84 0 0 0 0 0 0 13 0 5 0 0 0 0
1142209941 0 0 56 0 36 0 84 0 0 0 0 0 0 13 0 5 0 0 0 0
1142354475 0 0 56 0 37 0 84 0 0 0 0 0 0 13 0 5 0 0 0 0
1143098776 0 0 57 0 37 0 84 0 0 0 0 0 0 13 0 5 0 0 0 0
1143307713 0 0 57 0 37 0 84 0 0 0 0 0 0 13 0 5 0 0 0 0
1146284727 0 0 57 0 38 0 84 0 0 0 0 0 0 13 0 5 0 0 0 0
1146285458 0 0 57 0 39 0 84 0 0 0 0 0 0 13 0 5 0 0 0 0
1146285678 0 0 57 0 40 0 84 0 0 0 0 0 0 13 0 5 0 0 0 0
1146323524 0 0 58 0 40 0 84 0 0 0 0 0 0 13 0 5 0 0 0 0
1146323810 0 0 59 0 40 0 84 0 0 0 0 0 0 13 0 5 0 0 0 0
1146335935 0 0 60 0 40 0 84 0 0 0 0 0 0 13 0 5 0 0 0 0
1146337904 0 0 61 0 40 0 84 0 0 0 0 0 0 13 0 5 0 0 0 0
1146368348 0 0 62 0 40 0 84 0 0 0 0 0 0 13 0 5 0 0 0 0
1146373827 0 0 63 0 40 0 84 0 0 0 0 0 0 13 0 5 0 0 0 0
1146375432 0 0 64 0 40 0 84 0 0 0 0 0 0 13 0 5 0 0 0 0
1146375744 0 0 65 0 40 0 84 0 0 0 0 0 0 13 0 5 0 0 0 0
1146376159 0 0 66 0 40 0 84 0 0 0 0 0 0 13 0 5 0 0 0 0
1146377389 0 0 67 0 40 0 84 0 0 0 0 0 0 13 0 5 0 0 0 0
1146409301 0 0 68 0 40 0 84 0 0 0 0 0 0 13 0 5 0 0 0 0
1146545533 0 0 69 0 40 0 84 0 0 0 0 0 0 13 0 5 0 0 0 0
1146549785 0 0 70 0 40 0 84 0 0 0 0 0 0 13 0 5 0 0 0 0
1146583589 0 0 70 0 41 0 84 0 0 0 0 0 0 13 0 5 0 0 0 0
1146723350 0 0 70 0 42 0 84 0 0 0 0 0 0 13 0 5 0 0 0 0
1146896615 0 0 71 0 42 0 84 0 0 0 0 0 0 13 0 5 0 0 0 0
1146898122 0 0 72 0 42 0 84 0 0 0 0 0 0 13 0 5 0 0 0 0
1146900708 0 0 73 0 42 0 84 0 0 0 0 0 0 13 0 5 0 0 0 0
1147090178 0 0 74 0 42 0 84 0 0 0 0 0 0 13 0 5 0 0 0 0
1147092063 0 0 75 0 42 0 84 0 0 0 0 0 0 13 0 5 0 0 0 0
1147139968 0 0 75 0 43 0 84 0 0 0 0 0 0 13 0 5 0 0 0 0
1147199648 0 0 76 0 43 0 84 0 0 0 0 0 0 13 0 5 0 0 0 0
1147199793 0 0 77 0 43 0 84 0 0 0 0 0 0 13 0 5 0 0 0 0
1147251310 0 0 78 0 43 0 84 0 0 0 0 0 0 13 0 5 0 0 0 0
1147307581 0 0 79 0 43 0 84 0 0 0 0 0 0 13 0 5 0 0 0 0
1147481284 0 0 79 0 43 0 84 0 0 0 0 0 0 14 0 5 0 0 0 0
1147639808 0 0 80 0 43 0 84 0 0 0 0 0 0 14 0 5 0 0 0 0
1147640184 0 0 81 0 43 0 84 0 0 0 0 0 0 14 0 5 0 0 0 0
1147640699 0 0 82 0 43 0 84 0 0 0 0 0 0 14 0 5 0 0 0 0
1147642292 0 0 83 0 43 0 84 0 0 0 0 0 0 14 0 5 0 0 0 0
1147675420 0 0 84 0 43 0 84 0 0 0 0 0 0 14 0 5 0 0 0 0
1147968864 0 0 84 0 43 0 84 0 0 0 0 0 0 14 0 6 0 0 0 0
1148017588 0 0 85 0 43 0 84 0 0 0 0 0 0 14 0 6 0 0 0 0
1148094848 0 0 85 0 43 0 84 0 0 0 0 0 0 14 0 7 0 0 0 0
1148138333 0 0 86 0 43 0 84 0 0 0 0 0 0 14 0 7 0 0 0 0
1150726284 0 0 86 0 43 0 84 0 0 0 0 0 0 14 0 8 0 0 0 0
1162187473 0 0 86 0 43 0 84 0 0 0 0 0 0 14 0 8 0 1 0 0
1162791411 0 0 86 0 43 0 84 0 0 1 0 0 0 14 0 8 0 1 0 0
1162986239 0 0 86 0 43 0 84 0 0 2 0 0 0 14 0 8 0 1 0 0
1163661042 0 0 87 0 43 0 84 0 0 2 0 0 0 14 0 8 0 1 0 0
1163662994 0 0 88 0 43 0 84 0 0 2 0 0 0 14 0 8 0 1 0 0
1164160123 0 0 88 0 43 0 84 0 0 2 0 0 0 14 0 8 0 2 0 0
1164393720 0 0 88 0 43 0 84 0 0 3 0 0 0 14 0 8 0 2 0 0
1164396681 0 0 88 0 43 0 84 0 0 4 0 0 0 14 0 8 0 2 0 0
1164440492 0 0 88 0 43 0 84 0 0 5 0 0 0 14 0 8 0 2 0 0
1164447214 0 0 88 0 43 0 84 0 0 6 0 0 0 14 0 8 0 2 0 0
1164481666 0 0 88 0 43 0 84 0 0 7 0 0 0 14 0 8 0 2 0 0
1164683665 0 0 89 0 43 0 84 0 0 7 0 0 0 14 0 8 0 2 0 0
1164683842 0 0 90 0 43 0 84 0 0 7 0 0 0 14 0 8 0 2 0 0
1164684293 0 0 91 0 43 0 84 0 0 7 0 0 0 14 0 8 0 2 0 0
1164690757 0 0 92 0 43 0 84 0 0 7 0 0 0 14 0 8 0 2 0 0
1164719843 0 0 92 0 43 0 84 0 0 8 0 0 0 14 0 8 0 2 0 0
1164809787 0 0 92 0 43 0 84 0 0 9 0 0 0 14 0 8 0 2 0 0
1164817278 0 0 92 0 43 0 84 0 0 10 0 0 0 14 0 8 0 2 0 0
1164817297 0 0 92 0 43 0 84 0 0 11 0 0 0 14 0 8 0 2 0 0
1164820753 0 0 93 0 43 0 84 0 0 11 0 0 0 14 0 8 0 2 0 0
1164858861 0 0 94 0 43 0 84 0 0 11 0 0 0 14 0 8 0 2 0 0
1165240612 0 0 94 0 43 0 84 0 0 12 0 0 0 14 0 8 0 2 0 0
1165298054 0 0 94 0 43 0 84 0 0 13 0 0 0 14 0 8 0 2 0 0
1165326188 0 0 95 0 43 0 84 0 0 13 0 0 0 14 0 8 0 2 0 0
1166418960 0 0 96 0 43 0 84 0 0 13 0 0 0 14 0 8 0 2 0 0
1167405289 0 0 97 0 43 0 84 0 0 13 0 0 0 14 0 8 0 2 0 0
1167782501 0 0 97 0 43 0 84 0 0 13 0 0 0 14 0 8 0 3 0 0
1177047987 0 0 97 0 43 0 84 0 0 13 0 0 0 14 0 8 0 4 0 0
1177048112 0 0 97 0 43 0 84 0 0 13 0 0 0 14 0 8 0 5 0 0
1177048733 0 0 97 0 43 0 84 0 0 13 0 0 0 14 0 8 0 6 0 0
1194169555 0 0 97 0 43 0 84 0 0 14 0 0 0 14 0 8 0 6 0 0
1199768319 0 0 97 0 43 0 84 0 0 14 0 0 0 14 0 8 0 7 0 0
1200460639 0 0 97 0 44 0 84 0 0 14 0 0 0 14 0 8 0 7 0 0
1200460976 0 0 97 0 45 0 84 0 0 14 0 0 0 14 0 8 0 7 0 0
1202218463 0 0 97 0 45 0 84 0 0 14 0 0 0 14 0 9 0 7 0 0
1202394657 0 0 98 0 45 0 84 0 0 14 0 0 0 14 0 9 0 7 0 0
1202396149 0 0 99 0 45 0 84 0 0 14 0 0 0 14 0 9 0 7 0 0
1202478280 0 0 100 0 45 0 84 0 0 14 0 0 0 14 0 9 0 7 0 0
1202744543 0 0 100 0 45 0 84 0 0 14 0 0 0 14 0 10 0 7 0 0
1206867896 0 0 100 0 45 0 84 0 0 14 0 0 0 14 0 11 0 7 0 0
1207126820 0 0 100 0 45 0 84 0 0 14 0 0 0 14 0 12 0 7 0 0
1209341884 0 0 100 0 45 0 84 0 0 14 0 0 0 14 0 12 0 8 0 0
1215109111 0 0 100 0 46 0 84 0 0 14 0 0 0 14 0 12 0 8 0 0
1215109112 0 0 100 0 47 0 84 0 0 14 0 0 0 14 0 12 0 8 0 0
1215409668 0 0 100 0 48 0 84 0 0 14 0 0 0 14 0 12 0 8 0 0
1215409669 0 0 100 0 49 0 84 0 0 14 0 0 0 14 0 12 0 8 0 0
1221898206 0 0 100 0 50 0 84 0 0 14 0 0 0 14 0 12 0 8 0 0
1221898805 0 0 100 0 51 0 84 0 0 14 0 0 0 14 0 12 0 8 0 0
1221901081 0 0 100 0 52 0 84 0 0 14 0 0 0 14 0 12 0 8 0 0
1222173636 0 0 100 0 53 0 84 0 0 14 0 0 0 14 0 12 0 8 0 0
1222173637 0 0 100 0 54 0 84 0 0 14 0 0 0 14 0 12 0 8 0 0
1222219131 0 0 101 0 54 0 84 0 0 14 0 0 0 14 0 12 0 8 0 0
1222845507 0 0 101 0 55 0 84 0 0 14 0 0 0 14 0 12 0 8 0 0
1222845509 0 0 101 0 56 0 84 0 0 14 0 0 0 14 0 12 0 8 0 0
1222845512 0 0 101 0 57 0 84 0 0 14 0 0 0 14 0 12 0 8 0 0
1222845515 0 0 101 0 58 0 84 0 0 14 0 0 0 14 0 12 0 8 0 0
1222850883 0 0 101 0 59 0 84 0 0 14 0 0 0 14 0 12 0 8 0 0
1223142404 0 0 102 0 59 0 84 0 0 14 0 0 0 14 0 12 0 8 0 0
1223570862 0 0 102 0 60 0 84 0 0 14 0 0 0 14 0 12 0 8 0 0
1223571639 0 0 102 0 61 0 84 0 0 14 0 0 0 14 0 12 0 8 0 0
1223701174 0 0 103 0 61 0 84 0 0 14 0 0 0 14 0 12 0 8 0 0
1223701789 0 0 104 0 61 0 84 0 0 14 0 0 0 14 0 12 0 8 0 0
1223703851 0 0 105 0 61 0 84 0 0 14 0 0 0 14 0 12 0 8 0 0
1223726370 0 0 106 0 61 0 84 0 0 14 0 0 0 14 0 12 0 8 0 0
1223748552 0 0 107 0 61 0 84 0 0 14 0 0 0 14 0 12 0 8 0 0
1223906982 0 0 107 0 62 0 84 0 0 14 0 0 0 14 0 12 0 8 0 0
1223907329 0 0 107 0 63 0 84 0 0 14 0 0 0 14 0 12 0 8 0 0
1223959846 0 0 107 0 64 0 84 0 0 14 0 0 0 14 0 12 0 8 0 0
1223959852 0 0 107 0 65 0 84 0 0 14 0 0 0 14 0 12 0 8 0 0
1223959940 0 0 107 0 66 0 84 0 0 14 0 0 0 14 0 12 0 8 0 0
1223964356 0 0 107 0 67 0 84 0 0 14 0 0 0 14 0 12 0 8 0 0
1223973874 0 0 107 0 68 0 84 0 0 14 0 0 0 14 0 12 0 8 0 0
1223973942 0 0 107 0 69 0 84 0 0 14 0 0 0 14 0 12 0 8 0 0
1223978640 0 0 107 0 70 0 84 0 0 14 0 0 0 14 0 12 0 8 0 0
1223978665 0 0 107 0 71 0 84 0 0 14 0 0 0 14 0 12 0 8 0 0
1223982888 0 0 108 0 71 0 84 0 0 14 0 0 0 14 0 12 0 8 0 0
1223984989 0 0 109 0 71 0 84 0 0 14 0 0 0 14 0 12 0 8 0 0
1223985963 0 0 110 0 71 0 84 0 0 14 0 0 0 14 0 12 0 8 0 0
1223986163 0 0 111 0 71 0 84 0 0 14 0 0 0 14 0 12 0 8 0 0
1223995600 0 0 112 0 71 0 84 0 0 14 0 0 0 14 0 12 0 8 0 0
1223996497 0 0 113 0 71 0 84 0 0 14 0 0 0 14 0 12 0 8 0 0
1223999714 0 0 113 0 72 0 84 0 0 14 0 0 0 14 0 12 0 8 0 0
1224010830 0 0 114 0 72 0 84 0 0 14 0 0 0 14 0 12 0 8 0 0
1224014757 0 0 115 0 72 0 84 0 0 14 0 0 0 14 0 12 0 8 0 0
1224015341 0 0 116 0 72 0 84 0 0 14 0 0 0 14 0 12 0 8 0 0
1224018982 0 0 117 0 72 0 84 0 0 14 0 0 0 14 0 12 0 8 0 0
1224037241 0 0 117 0 73 0 84 0 0 14 0 0 0 14 0 12 0 8 0 0
1224049316 0 0 117 0 74 0 84 0 0 14 0 0 0 14 0 12 0 8 0 0
1224051527 0 0 117 0 75 0 84 0 0 14 0 0 0 14 0 12 0 8 0 0
1224051945 0 0 118 0 75 0 84 0 0 14 0 0 0 14 0 12 0 8 0 0
1224057409 0 0 118 0 76 0 84 0 0 14 0 0 0 14 0 12 0 8 0 0
1224057417 0 0 118 0 77 0 84 0 0 14 0 0 0 14 0 12 0 8 0 0
1224171417 0 0 119 0 77 0 84 0 0 14 0 0 0 14 0 12 0 8 0 0
1224272428 0 0 120 0 77 0 84 0 0 14 0 0 0 14 0 12 0 8 0 0
1224280021 0 0 121 0 77 0 84 0 0 14 0 0 0 14 0 12 0 8 0 0
1224315188 0 0 122 0 77 0 84 0 0 14 0 0 0 14 0 12 0 8 0 0
1224315250 0 0 123 0 77 0 84 0 0 14 0 0 0 14 0 12 0 8 0 0
1224319061 0 0 124 0 77 0 84 0 0 14 0 0 0 14 0 12 0 8 0 0
1224349042 0 0 125 0 77 0 84 0 0 14 0 0 0 14 0 12 0 8 0 0
1224358424 0 0 126 0 77 0 84 0 0 14 0 0 0 14 0 12 0 8 0 0
1224360216 0 0 127 0 77 0 84 0 0 14 0 0 0 14 0 12 0 8 0 0
1224406400 0 0 128 0 77 0 84 0 0 14 0 0 0 14 0 12 0 8 0 0
1224424570 0 0 128 0 78 0 84 0 0 14 0 0 0 14 0 12 0 8 0 0
1224427832 0 0 128 0 79 0 84 0 0 14 0 0 0 14 0 12 0 8 0 0
1224434684 0 0 129 0 79 0 84 0 0 14 0 0 0 14 0 12 0 8 0 0
1224467919 0 0 130 0 79 0 84 0 0 14 0 0 0 14 0 12 0 8 0 0
1224487083 0 0 130 0 80 0 84 0 0 14 0 0 0 14 0 12 0 8 0 0
1224490879 0 0 131 0 80 0 84 0 0 14 0 0 0 14 0 12 0 8 0 0
1224491025 0 0 132 0 80 0 84 0 0 14 0 0 0 14 0 12 0 8 0 0
1224530411 0 0 133 0 80 0 84 0 0 14 0 0 0 14 0 12 0 8 0 0
1224653647 0 0 134 0 80 0 84 0 0 14 0 0 0 14 0 12 0 8 0 0
1224659046 0 0 134 0 81 0 84 0 0 14 0 0 0 14 0 12 0 8 0 0
1224659599 0 0 134 0 82 0 84 0 0 14 0 0 0 14 0 12 0 8 0 0
1224668151 0 0 134 0 83 0 84 0 0 14 0 0 0 14 0 12 0 8 0 0
1224681412 0 0 134 0 84 0 84 0 0 14 0 0 0 14 0 12 0 8 0 0
1224754893 0 0 134 0 85 0 84 0 0 14 0 0 0 14 0 12 0 8 0 0
1224777040 0 0 135 0 85 0 84 0 0 14 0 0 0 14 0 12 0 8 0 0
1224785471 0 0 136 0 85 0 84 0 0 14 0 0 0 14 0 12 0 8 0 0
1224809048 0 0 137 0 85 0 84 0 0 14 0 0 0 14 0 12 0 8 0 0
1224809197 0 0 138 0 85 0 84 0 0 14 0 0 0 14 0 12 0 8 0 0
1224866545 0 0 138 0 86 0 84 0 0 14 0 0 0 14 0 12 0 8 0 0
1224921883 0 0 138 0 87 0 84 0 0 14 0 0 0 14 0 12 0 8 0 0
1224921888 0 0 138 0 88 0 84 0 0 14 0 0 0 14 0 12 0 8 0 0
1224955944 0 0 138 0 89 0 84 0 0 14 0 0 0 14 0 12 0 8 0 0
1224957422 0 0 138 0 90 0 84 0 0 14 0 0 0 14 0 12 0 8 0 0
1225148035 0 0 138 0 91 0 84 0 0 14 0 0 0 14 0 12 0 8 0 0
1225157990 0 0 138 0 92 0 84 0 0 14 0 0 0 14 0 12 0 8 0 0
1225692111 0 0 138 0 93 0 84 0 0 14 0 0 0 14 0 12 0 8 0 0
1226100483 0 0 138 0 94 0 84 0 0 14 0 0 0 14 0 12 0 8 0 0
1226616281 0 0 138 0 95 0 84 0 0 14 0 0 0 14 0 12 0 8 0 0
1226620259 0 0 138 0 96 0 84 0 0 14 0 0 0 14 0 12 0 8 0 0
1226624256 0 0 138 0 97 0 84 0 0 14 0 0 0 14 0 12 0 8 0 0
1226802526 0 0 139 0 97 0 84 0 0 14 0 0 0 14 0 12 0 8 0 0
1226806478 0 0 140 0 97 0 84 0 0 14 0 0 0 14 0 12 0 8 0 0
1227085785 0 0 140 0 98 0 84 0 0 14 0 0 0 14 0 12 0 8 0 0
1227103738 0 0 140 0 99 0 84 0 0 14 0 0 0 14 0 12 0 8 0 0
1227337395 0 0 140 0 100 0 84 0 0 14 0 0 0 14 0 12 0 8 0 0
1227363694 0 0 140 0 101 0 84 0 0 14 0 0 0 14 0 12 0 8 0 0
1227463136 0 0 141 0 101 0 84 0 0 14 0 0 0 14 0 12 0 8 0 0
1227463299 0 0 142 0 101 0 84 0 0 14 0 0 0 14 0 12 0 8 0 0
1227463347 0 0 143 0 101 0 84 0 0 14 0 0 0 14 0 12 0 8 0 0
1227464050 0 0 144 0 101 0 84 0 0 14 0 0 0 14 0 12 0 8 0 0
1227772233 0 0 144 0 102 0 84 0 0 14 0 0 0 14 0 12 0 8 0 0
1227772367 0 0 144 0 103 0 84 0 0 14 0 0 0 14 0 12 0 8 0 0
1227775865 0 0 144 0 104 0 84 0 0 14 0 0 0 14 0 12 0 8 0 0
1228024421 0 0 145 0 104 0 84 0 0 14 0 0 0 14 0 12 0 8 0 0
1228025091 0 0 146 0 104 0 84 0 0 14 0 0 0 14 0 12 0 8 0 0
1228027872 0 0 147 0 104 0 84 0 0 14 0 0 0 14 0 12 0 8 0 0
1228038612 0 0 148 0 104 0 84 0 0 14 0 0 0 14 0 12 0 8 0 0
1228039149 0 0 149 0 104 0 84 0 0 14 0 0 0 14 0 12 0 8 0 0
1228042009 0 0 150 0 104 0 84 0 0 14 0 0 0 14 0 12 0 8 0 0
1228046103 0 0 151 0 104 0 84 0 0 14 0 0 0 14 0 12 0 8 0 0
1228069680 0 0 152 0 104 0 84 0 0 14 0 0 0 14 0 12 0 8 0 0
1228076259 0 0 153 0 104 0 84 0 0 14 0 0 0 14 0 12 0 8 0 0
1228079376 0 0 154 0 104 0 84 0 0 14 0 0 0 14 0 12 0 8 0 0
1228080051 0 0 155 0 104 0 84 0 0 14 0 0 0 14 0 12 0 8 0 0
1228080484 0 0 156 0 104 0 84 0 0 14 0 0 0 14 0 12 0 8 0 0
1228080667 0 0 157 0 104 0 84 0 0 14 0 0 0 14 0 12 0 8 0 0
1228081734 0 0 158 0 104 0 84 0 0 14 0 0 0 14 0 12 0 8 0 0
1228082980 0 0 159 0 104 0 84 0 0 14 0 0 0 14 0 12 0 8 0 0
1228083542 0 0 160 0 104 0 84 0 0 14 0 0 0 14 0 12 0 8 0 0
1228084111 0 0 161 0 104 0 84 0 0 14 0 0 0 14 0 12 0 8 0 0
1228091977 0 0 162 0 104 0 84 0 0 14 0 0 0 14 0 12 0 8 0 0
1228093165 0 0 163 0 104 0 84 0 0 14 0 0 0 14 0 12 0 8 0 0
1228098453 0 0 163 0 105 0 84 0 0 14 0 0 0 14 0 12 0 8 0 0
1228098641 0 0 164 0 105 0 84 0 0 14 0 0 0 14 0 12 0 8 0 0
1228139824 0 0 164 0 106 0 84 0 0 14 0 0 0 14 0 12 0 8 0 0
1228141760 0 0 164 0 107 0 84 0 0 14 0 0 0 14 0 12 0 8 0 0
1228322523 0 0 164 0 107 0 84 0 0 15 0 0 0 14 0 12 0 8 0 0
1228703141 0 0 164 0 107 0 84 0 0 16 0 0 0 14 0 12 0 8 0 0
1228806940 0 0 165 0 107 0 84 0 0 16 0 0 0 14 0 12 0 8 0 0
1232810417 0 0 165 0 107 0 84 0 0 17 0 0 0 14 0 12 0 8 0 0
1233292599 0 0 166 0 107 0 84 0 0 17 0 0 0 14 0 12 0 8 0 0
1233433362 0 0 166 0 107 0 84 0 0 18 0 0 0 14 0 12 0 8 0 0
1254391332 0 0 166 0 107 0 84 0 0 19 0 0 0 14 0 12 0 8 0 0
1282760887 0 0 167 0 107 0 84 0 0 19 0 0 0 14 0 12 0 8 0 0
1282762461 0 0 168 0 107 0 84 0 0 19 0 0 0 14 0 12 0 8 0 0
1282762674 0 0 169 0 107 0 84 0 0 19 0 0 0 14 0 12 0 8 0 0
1289109927 0 0 170 0 107 0 84 0 0 19 0 0 0 14 0 12 0 8 0 0
1289110173 0 0 171 0 107 0 84 0 0 19 0 0 0 14 0 12 0 8 0 0
1289110570 0 0 172 0 107 0 84 0 0 19 0 0 0 14 0 12 0 8 0 0
1289110928 0 0 173 0 107 0 84 0 0 19 0 0 0 14 0 12 0 8 0 0
1289115193 0 0 174 0 107 0 84 0 0 19 0 0 0 14 0 12 0 8 0 0
1289117363 0 0 175 0 107 0 84 0 0 19 0 0 0 14 0 12 0 8 0 0
1289117662 0 0 176 0 107 0 84 0 0 19 0 0 0 14 0 12 0 8 0 0
1289124904 0 0 177 0 107 0 84 0 0 19 0 0 0 14 0 12 0 8 0 0
1289131706 0 0 178 0 107 0 84 0 0 19 0 0 0 14 0 12 0 8 0 0
1289131839 0 0 179 0 107 0 84 0 0 19 0 0 0 14 0 12 0 8 0 0
1289148260 0 0 180 0 107 0 84 0 0 19 0 0 0 14 0 12 0 8 0 0
1289149095 0 0 181 0 107 0 84 0 0 19 0 0 0 14 0 12 0 8 0 0
1289151937 0 0 182 0 107 0 84 0 0 19 0 0 0 14 0 12 0 8 0 0
1289152410 0 0 183 0 107 0 84 0 0 19 0 0 0 14 0 12 0 8 0 0
1289183209 0 0 184 0 107 0 84 0 0 19 0 0 0 14 0 12 0 8 0 0
1289183376 0 0 185 0 107 0 84 0 0 19 0 0 0 14 0 12 0 8 0 0
1289184745 0 0 186 0 107 0 84 0 0 19 0 0 0 14 0 12 0 8 0 0
1289204802 0 0 187 0 107 0 84 0 0 19 0 0 0 14 0 12 0 8 0 0
1289227265 0 0 188 0 107 0 84 0 0 19 0 0 0 14 0 12 0 8 0 0
1289229590 0 0 189 0 107 0 84 0 0 19 0 0 0 14 0 12 0 8 0 0
1289230512 0 0 190 0 107 0 84 0 0 19 0 0 0 14 0 12 0 8 0 0
1289231810 0 0 191 0 107 0 84 0 0 19 0 0 0 14 0 12 0 8 0 0
1289235553 0 0 192 0 107 0 84 0 0 19 0 0 0 14 0 12 0 8 0 0
1289276939 0 0 193 0 107 0 84 0 0 19 0 0 0 14 0 12 0 8 0 0
1289328887 0 0 194 0 107 0 84 0 0 19 0 0 0 14 0 12 0 8 0 0
1289330489 0 0 195 0 107 0 84 0 0 19 0 0 0 14 0 12 0 8 0 0
1289647041 0 0 196 0 107 0 84 0 0 19 0 0 0 14 0 12 0 8 0 0
1289652357 0 0 197 0 107 0 84 0 0 19 0 0 0 14 0 12 0 8 0 0
1289652759 0 0 198 0 107 0 84 0 0 19 0 0 0 14 0 12 0 8 0 0
1289653998 0 0 199 0 107 0 84 0 0 19 0 0 0 14 0 12 0 8 0 0
1289800957 0 0 200 0 107 0 84 0 0 19 0 0 0 14 0 12 0 8 0 0
1298149557 0 0 201 0 107 0 84 0 0 19 0 0 0 14 0 12 0 8 0 0
1298149882 0 0 202 0 107 0 84 0 0 19 0 0 0 14 0 12 0 8 0 0
1298150688 0 0 203 0 107 0 84 0 0 19 0 0 0 14 0 12 0 8 0 0
1298151311 0 0 204 0 107 0 84 0 0 19 0 0 0 14 0 12 0 8 0 0
1298255952 0 0 205 0 107 0 84 0 0 19 0 0 0 14 0 12 0 8 0 0
1298809790 0 0 206 0 107 0 84 0 0 19 0 0 0 14 0 12 0 8 0 0
1298809898 0 0 207 0 107 0 84 0 0 19 0 0 0 14 0 12 0 8 0 0
1298811066 0 0 208 0 107 0 84 0 0 19 0 0 0 14 0 12 0 8 0 0
1298934335 0 0 208 1 107 0 84 0 0 19 0 0 0 14 0 12 0 8 0 0
1298935040 0 0 208 2 107 0 84 0 0 19 0 0 0 14 0 12 0 8 0 0
1298945942 0 0 208 3 107 0 84 0 0 19 0 0 0 14 0 12 0 8 0 0
1298946515 0 0 208 4 107 0 84 0 0 19 0 0 0 14 0 12 0 8 0 0
1298947203 0 0 208 5 107 0 84 0 0 19 0 0 0 14 0 12 0 8 0 0
1298959676 0 0 208 6 107 0 84 0 0 19 0 0 0 14 0 12 0 8 0 0
1299093838 0 0 208 6 107 0 84 0 0 19 0 0 0 14 0 12 0 8 0 0
1299094071 0 0 208 6 107 0 84 0 0 19 0 0 0 14 0 12 0 8 0 0
1299094366 0 0 208 7 107 0 84 0 0 19 0 0 0 14 0 12 0 8 0 0
1299094717 0 0 208 7 107 0 84 0 0 19 0 0 0 14 0 12 0 8 0 0
1299095361 0 0 208 8 107 0 84 0 0 19 0 0 0 14 0 12 0 8 0 0
1299096193 0 0 208 9 107 0 84 0 0 19 0 0 0 14 0 12 0 8 0 0
1299096315 0 0 208 10 107 0 84 0 0 19 0 0 0 14 0 12 0 8 0 0
1299689036 0 0 208 11 107 0 84 0 0 19 0 0 0 14 0 12 0 8 0 0
1304327039 0 0 208 11 107 0 84 0 0 19 0 0 0 14 0 12 0 8 0 0
1310288871 0 0 208 12 107 0 84 0 0 19 0 0 0 14 0 12 0 8 0 0
1310289334 0 0 208 13 107 0 84 0 0 19 0 0 0 14 0 12 0 8 0 0
1311573248 0 0 208 14 107 0 84 0 0 19 0 0 0 14 0 12 0 8 0 0
1313544024 0 0 208 14 107 0 84 0 0 19 0 0 0 14 0 12 0 8 0 0
1318149901 0 0 208 15 107 0 84 0 0 19 0 0 0 14 0 12 0 8 0 0
1322767894 0 0 208 16 107 0 84 0 0 19 0 0 0 14 0 12 0 8 0 0
1322769680 0 0 208 17 107 0 84 0 0 19 0 0 0 14 0 12 0 8 0 0
1324959489 0 0 208 17 107 0 84 0 0 19 0 0 0 14 0 12 0 8 0 0
1324967606 0 0 208 17 107 0 84 0 0 19 0 0 0 14 0 12 0 8 0 0
1325447819 0 0 208 18 107 0 84 0 0 19 0 0 0 14 0 12 0 8 0 0
1328466190 0 0 208 18 107 0 84 0 0 19 0 0 0 14 0 12 0 8 0 0
1328517764 0 0 208 19 107 0 84 0 0 19 0 0 0 14 0 12 0 8 0 0
1328583680 0 0 208 19 107 0 84 0 0 19 0 0 0 14 0 12 0 8 0 0
1334979919 0 0 208 19 107 0 84 0 0 19 0 0 0 14 0 12 0 8 0 0
1334980664 0 0 208 19 107 0 84 0 0 19 0 0 0 14 0 12 0 8 0 0
1335859838 0 0 208 19 107 0 84 0 0 19 0 0 1 14 0 12 0 8 0 0
1335860790 0 0 208 19 107 0 84 0 0 19 0 0 2 14 0 12 0 8 0 0
1335861242 0 0 208 19 107 0 84 0 0 19 0 0 3 14 0 12 0 8 0 0
1335861619 0 0 208 19 107 0 84 0 0 19 0 0 4 14 0 12 0 8 0 0
1335861631 0 0 208 19 107 0 84 0 0 19 0 0 5 14 0 12 0 8 0 0
1336109576 0 0 208 19 107 0 84 0 0 19 0 0 5 14 0 12 0 8 0 0
1336111559 0 0 208 19 107 0 84 0 0 19 0 0 6 14 0 12 0 8 0 0
1336111659 0 0 208 19 107 0 84 0 0 19 0 0 7 14 0 12 0 8 0 0
1336118978 0 0 208 19 107 0 84 0 0 19 0 0 8 14 0 12 0 8 0 0
1338782492 0 0 208 20 107 0 84 0 0 19 0 0 8 14 0 12 0 8 0 0
1339223339 0 0 208 20 107 0 84 0 0 19 0 0 8 14 0 12 0 8 0 0
1341202657 0 0 208 21 107 0 84 0 0 19 0 0 8 14 0 12 0 8 0 0
1341493887 0 0 208 22 107 0 84 0 0 19 0 0 8 14 0 12 0 8 0 0
1344354513 0 0 208 23 107 0 84 0 0 19 0 0 8 14 0 12 0 8 0 0
1345051360 0 0 208 24 107 0 84 0 0 19 0 0 8 14 0 12 0 8 0 0
1346137151 0 0 208 24 107 1 84 0 0 19 0 0 8 14 0 12 0 8 0 0
1346688992 0 0 208 24 107 3 84 0 0 19 0 0 8 14 0 12 0 8 0 0
1347083099 0 0 208 25 107 3 84 0 0 19 0 0 8 14 0 12 0 8 0 0
1347091410 0 0 208 26 107 3 84 0 0 19 0 0 8 14 0 12 0 8 0 0
1347091537 0 0 208 26 107 4 84 0 0 19 0 0 8 14 0 12 0 8 0 0
1347092441 0 0 208 27 107 4 84 0 0 19 0 0 8 14 0 12 0 8 0 0
1347175098 0 1 208 27 107 4 84 0 0 19 0 0 8 14 0 12 0 8 0 0
1347181995 0 2 208 27 107 4 84 0 0 19 0 0 8 14 0 12 0 8 0 0
1347182381 0 3 208 27 107 4 84 0 0 19 0 0 8 14 0 12 0 8 0 0
1347277336 0 4 208 27 107 4 84 0 0 19 0 0 8 14 0 12 0 8 0 0
1347278710 0 5 208 27 107 4 84 0 0 19 0 0 8 14 0 12 0 8 0 0
1347283140 0 6 208 27 107 4 84 0 0 19 0 0 8 14 0 12 0 8 0 0
1347307971 0 6 208 28 107 4 84 0 0 19 0 0 8 14 0 12 0 8 0 0
1347370958 0 7 208 28 107 4 84 0 0 19 0 0 8 14 0 12 0 8 0 0
1347371425 0 8 208 28 107 4 84 0 0 19 0 0 8 14 0 12 0 8 0 0
1347621968 0 9 208 28 107 4 84 0 0 19 0 0 8 14 0 12 0 8 0 0
1347676386 0 10 208 28 107 4 84 0 0 19 0 0 8 14 0 12 0 8 0 0
1347678321 0 11 208 28 107 4 84 0 0 19 0 0 8 14 0 12 0 8 0 0
1347686845 0 12 208 28 107 4 84 0 0 19 0 0 8 14 0 12 0 8 0 0
1348146568 0 12 208 28 107 4 84 1 0 19 0 0 8 14 0 12 0 8 0 0
1348147973 0 13 208 28 107 4 84 1 0 19 0 0 8 14 0 12 0 8 0 0
1348493057 0 14 208 28 107 4 84 1 0 19 0 0 8 14 0 12 0 8 0 0
1348493758 0 15 208 28 107 4 84 1 0 19 0 0 8 14 0 12 0 8 0 0
1348499148 0 16 208 28 107 4 84 1 0 19 0 0 8 14 0 12 0 8 0 0
1348570207 0 17 208 28 107 4 84 1 0 19 0 0 8 14 0 12 0 8 0 0
1348570859 0 18 208 28 107 4 84 1 0 19 0 0 8 14 0 12 0 8 0 0
1349183135 0 18 208 28 107 4 84 2 0 19 0 0 8 14 0 12 0 8 0 0
1349189212 0 18 208 28 107 4 84 3 0 19 0 0 8 14 0 12 0 8 0 0
1349192346 0 18 208 28 107 4 84 4 0 19 0 0 8 14 0 12 0 8 0 0
1349192448 0 18 208 28 107 4 84 5 0 19 0 0 8 14 0 12 0 8 0 0
1349333954 0 18 208 28 107 4 84 6 0 19 0 0 8 14 0 12 0 8 0 0
1349334911 0 18 208 28 107 4 84 7 0 19 0 0 8 14 0 12 0 8 0 0
1349343830 0 18 208 28 107 4 84 8 0 19 0 0 8 14 0 12 0 8 0 0
1349347542 0 18 208 28 107 4 84 8 0 19 0 0 8 14 0 12 0 8 0 0
1349354322 0 18 208 28 107 4 84 8 0 19 0 0 9 14 0 12 0 8 0 0
1349357385 0 18 208 28 107 4 84 9 0 19 0 0 9 14 0 12 0 8 0 0
1349357993 0 18 208 28 107 4 84 10 0 19 0 0 9 14 0 12 0 8 0 0
1349362511 0 19 208 28 107 4 84 10 0 19 0 0 9 14 0 12 0 8 0 0
1349364794 0 19 208 28 107 4 84 11 0 19 0 0 9 14 0 12 0 8 0 0
1349368177 0 19 208 28 107 4 84 11 0 19 0 0 10 14 0 12 0 8 0 0
1349368531 0 19 208 28 107 4 84 12 0 19 0 0 10 14 0 12 0 8 0 0
1349369716 0 19 208 28 107 4 84 13 0 19 0 0 10 14 0 12 0 8 0 0
1349370926 0 19 208 28 107 4 84 14 0 19 0 0 10 14 0 12 0 8 0 0
1349370947 0 19 208 28 107 4 84 15 0 19 0 0 10 14 0 12 0 8 0 0
1349495436 0 20 208 28 107 4 84 15 0 19 0 0 10 14 0 12 0 8 0 0
1349504983 0 21 208 28 107 4 84 15 0 19 0 0 10 14 0 12 0 8 0 0
1349580287 0 21 208 28 107 4 84 16 0 19 0 0 10 14 0 12 0 8 0 0
1349580801 0 21 208 28 107 4 84 17 0 19 0 0 10 14 0 12 0 8 0 0
1349580935 0 21 208 28 107 4 84 17 0 19 0 0 11 14 0 12 0 8 0 0
1349580983 0 21 208 28 107 4 84 17 0 19 0 0 12 14 0 12 0 8 0 0
1349581525 0 21 208 28 107 4 84 18 0 19 0 0 12 14 0 12 0 8 0 0
1349581810 0 21 208 28 107 4 84 19 0 19 0 0 12 14 0 12 0 8 0 0
1349613042 0 22 208 28 107 4 84 19 0 19 0 0 12 14 0 12 0 8 0 0
1349618563 0 22 208 28 107 4 84 20 0 19 0 0 12 14 0 12 0 8 0 0
1349618682 0 24 208 28 107 4 84 20 0 19 0 0 13 14 0 12 0 8 0 0
1349659644 0 26 208 28 107 4 84 20 0 19 0 0 13 14 0 12 0 8 0 0
1349661944 0 28 208 28 107 4 84 20 0 19 0 0 13 14 0 12 0 8 0 0
1349774310 0 28 208 28 107 4 84 21 0 19 0 0 13 14 0 12 0 8 0 0
1349775821 0 29 208 28 107 4 84 22 0 19 0 0 13 14 0 12 0 8 0 0
1350050180 0 30 208 28 107 4 84 22 0 19 0 0 13 14 0 12 0 8 0 0
1350101058 0 31 208 28 107 4 84 22 0 19 0 0 13 14 0 12 0 8 0 0
1350101873 0 36 208 28 107 4 84 23 0 19 0 0 13 14 0 12 0 8 0 0
1350267535 0 36 208 28 107 4 84 24 0 19 0 0 13 14 0 12 0 8 0 0
1350272392 0 36 208 28 107 4 84 25 0 19 0 0 13 14 0 12 0 8 0 0
1350306129 0 37 208 28 107 4 84 25 0 19 0 0 13 14 0 12 0 8 0 0
1350308228 0 38 208 28 107 4 84 25 0 19 0 0 13 14 0 12 0 8 0 0
1350310535 0 38 208 28 107 4 84 25 0 19 0 0 14 14 0 12 0 8 0 0
1350312008 0 38 208 29 107 4 84 25 0 19 0 0 14 14 0 12 0 8 0 0
1350400694 0 39 208 29 107 4 84 25 0 19 0 0 14 14 0 12 0 8 0 0
1350469865 0 40 208 29 107 4 84 25 0 19 0 0 14 14 0 12 0 8 0 0
1350469925 0 41 208 29 107 4 84 25 0 19 0 0 14 14 0 12 0 8 0 0
1350470998 0 42 208 29 107 4 84 25 0 19 0 0 14 14 0 12 0 8 0 0
1350476072 0 42 208 29 107 4 84 26 0 19 0 0 14 14 0 12 0 8 0 0
1350478525 0 43 208 29 107 4 84 26 0 19 0 0 14 14 0 12 0 8 0 0
1350483367 0 43 208 29 107 4 84 27 0 19 0 0 14 14 0 12 0 8 0 0
1350487991 0 43 208 29 107 4 84 28 0 19 0 0 14 14 0 12 0 8 0 0
1350488851 0 44 208 29 107 4 84 28 0 19 0 0 14 14 0 12 0 8 0 0
1350490341 0 44 208 29 107 4 84 28 0 19 0 0 15 14 0 12 0 8 0 0
1350490708 0 44 208 29 107 4 84 29 0 19 0 0 15 14 0 12 0 8 0 0
1350491071 0 44 208 29 107 4 84 30 0 19 0 0 15 14 0 12 0 8 0 0
1350492678 0 44 208 29 107 4 84 31 0 19 0 0 15 14 0 12 0 8 0 0
1350519540 0 44 208 29 107 4 84 32 0 19 0 0 15 14 0 12 0 8 0 0
1350528974 0 44 208 29 107 4 84 33 0 19 0 0 15 14 0 12 0 8 0 0
1350529051 0 44 208 29 107 4 84 34 0 19 0 0 15 14 0 12 0 8 0 0
1350531282 0 44 208 29 107 4 84 35 0 19 0 0 15 14 0 12 0 8 0 0
1350531294 0 44 208 29 107 4 84 36 0 19 0 0 15 14 0 12 0 8 0 0
1350557279 0 45 208 29 107 4 84 36 0 19 0 0 15 14 0 12 0 8 0 0
1350563410 0 46 208 29 107 4 84 36 0 19 0 0 15 14 0 12 0 8 0 0
1350564731 0 47 208 29 107 4 84 36 0 19 0 0 15 14 0 12 0 8 0 0
1350566615 0 48 208 29 107 4 84 36 0 19 0 0 15 14 0 12 0 8 0 0
1350567077 0 49 208 29 107 4 84 36 0 19 0 0 15 14 0 12 0 8 0 0
1350568007 0 49 208 29 107 4 84 37 0 19 0 0 15 14 0 12 0 8 0 0
1350570681 0 49 208 29 107 4 84 38 0 19 0 0 15 14 0 12 0 8 0 0
1350575570 0 49 208 29 107 4 84 39 0 19 0 0 15 14 0 12 0 8 0 0
1350603434 0 49 208 29 107 4 84 40 0 19 0 0 15 14 0 12 0 8 0 0
1350604073 0 49 208 29 107 4 84 41 0 19 0 0 15 14 0 12 0 8 0 0
1350730560 0 50 208 29 107 4 84 41 0 19 0 0 15 14 0 12 0 8 0 0
1350734547 0 51 208 29 107 4 84 41 0 19 0 0 15 14 0 12 0 8 0 0
1350736402 0 52 208 29 107 4 84 41 0 19 0 0 15 14 0 12 0 8 0 0
1350736482 0 53 208 29 107 4 84 41 0 19 0 0 15 14 0 12 0 8 0 0
1350736868 0 54 208 29 107 4 84 41 0 19 0 0 15 14 0 12 0 8 0 0
1350737256 0 55 208 29 107 4 84 41 0 19 0 0 15 14 0 12 0 8 0 0
1350737361 0 56 208 29 107 4 84 41 0 19 0 0 15 14 0 12 0 8 0 0
1350749132 0 56 208 29 107 4 84 42 0 19 0 0 15 14 0 12 0 8 0 0
1350750628 0 56 208 29 107 4 84 43 0 19 0 0 15 14 0 12 0 8 0 0
1350753717 0 56 208 29 107 4 84 44 0 19 0 0 15 14 0 12 0 8 0 0
1350756347 0 57 208 29 107 4 84 44 0 19 0 0 15 14 0 12 0 8 0 0
1350757251 0 58 208 29 107 4 84 44 0 19 0 0 15 14 0 12 0 8 0 0
1350758588 0 59 208 29 107 4 84 44 0 19 0 0 15 14 0 12 0 8 0 0
1350775388 0 59 208 29 107 4 84 44 0 19 0 0 16 14 0 12 0 8 0 0
1350775529 0 59 208 29 107 4 84 45 0 19 0 0 16 14 0 12 0 8 0 0
1350778196 0 59 208 29 107 4 84 46 0 19 0 0 16 14 0 12 0 8 0 0
1350780019 0 59 208 29 107 4 84 47 0 19 0 0 16 14 0 12 0 8 0 0
1350780563 0 59 208 29 107 4 84 48 0 19 0 0 16 14 0 12 0 8 0 0
1350781764 0 59 208 29 107 4 84 49 0 19 0 0 16 14 0 12 0 8 0 0
1350787269 0 62 208 29 107 4 84 49 0 19 0 0 16 14 0 12 0 8 0 0
1350796042 0 62 208 29 107 4 84 50 0 19 0 0 16 14 0 12 0 8 0 0
1350910971 0 63 208 29 107 4 84 50 0 19 0 0 16 14 0 12 0 8 0 0
1350922752 0 64 208 29 107 4 84 50 0 19 0 0 16 14 0 12 0 8 0 0
1350994936 0 65 208 29 107 4 84 50 0 19 0 0 16 14 0 12 0 8 0 0
1351067302 0 65 208 29 107 4 84 51 0 19 0 0 16 14 0 12 0 8 0 0
1351100220 0 65 208 30 107 4 84 51 0 19 0 0 16 14 0 12 0 8 0 0
1351100601 0 65 208 31 107 4 84 51 0 19 0 0 16 14 0 12 0 8 0 0
1351123519 0 65 208 31 107 4 84 52 0 19 0 0 16 14 0 12 0 8 0 0
1351129828 0 65 208 31 107 4 84 53 0 19 0 0 16 14 0 12 0 8 0 0
1351172791 0 65 208 31 107 4 84 54 0 19 0 0 16 14 0 12 0 8 0 0
1351176730 0 65 208 31 107 4 84 55 0 19 0 0 16 14 0 12 0 8 0 0
1351248596 0 67 208 31 107 4 84 56 0 19 0 0 16 14 0 12 0 8 0 0
1351249760 0 68 208 31 107 4 84 56 0 19 0 0 16 14 0 12 0 8 0 0
1351249977 0 69 208 31 107 4 84 56 0 19 0 0 16 14 0 12 0 8 0 0
1351250826 0 69 208 31 107 4 84 57 0 19 0 0 16 14 0 12 0 8 0 0
1351252627 0 69 208 31 107 4 84 58 0 19 0 0 16 14 0 12 0 8 0 0
1351254107 0 70 208 31 107 4 84 58 0 19 0 0 16 14 0 12 0 8 0 0
1351305322 0 77 208 33 107 4 84 58 0 19 0 0 16 14 0 12 0 8 0 0
1351421419 0 78 208 33 107 4 84 58 0 19 0 0 16 14 0 12 0 8 0 0
1351421506 0 79 208 33 107 4 84 58 0 19 0 0 16 14 0 12 0 8 0 0
1351429452 0 80 208 33 107 4 84 58 0 19 0 0 16 14 0 12 0 8 0 0
1351429469 0 81 208 33 107 4 84 58 0 19 0 0 16 14 0 12 0 8 0 0
1351478594 0 81 208 33 107 4 84 59 0 19 0 0 16 14 0 12 0 8 0 0
1351695393 0 81 208 34 107 4 84 59 0 19 0 0 16 14 0 12 0 8 0 0
1351782511 0 82 208 34 107 4 84 59 0 19 0 0 16 14 0 12 0 8 0 0
1351783261 0 83 208 34 107 4 84 59 0 19 0 0 16 14 0 12 0 8 0 0
1352205375 0 84 208 34 107 4 84 59 0 19 0 0 16 14 0 12 0 8 0 0
1352213311 0 85 208 34 107 4 84 59 0 19 0 0 16 14 0 12 0 8 0 0
1352213872 0 86 208 34 107 4 84 59 0 19 0 0 16 14 0 12 0 8 0 0
1352286401 0 87 208 34 107 4 84 59 0 19 0 0 16 14 0 12 0 8 0 0
1352382704 0 87 208 34 107 4 84 60 0 19 0 0 16 14 0 12 0 8 0 0
1352386886 0 88 208 34 107 4 84 60 0 19 0 0 16 14 0 12 0 8 0 0
1352387246 0 89 208 34 107 4 84 60 0 19 0 0 16 14 0 12 0 8 0 0
1352387953 0 90 208 34 107 4 84 60 0 19 0 0 16 14 0 12 0 8 0 0
1352391182 0 91 208 34 107 4 84 60 0 19 0 0 16 14 0 12 0 8 0 0
1352456583 0 92 208 34 107 4 84 60 0 19 0 0 16 14 0 12 0 8 0 0
1352457277 0 93 208 34 107 4 84 60 0 19 0 0 16 14 0 12 0 8 0 0
1352469384 0 94 208 34 107 4 84 60 0 19 0 0 16 14 0 12 0 8 0 0
1352526814 0 95 208 34 107 4 84 60 0 19 0 0 16 14 0 12 0 8 0 0
1352803914 0 96 208 34 107 4 84 60 0 19 0 0 16 14 0 12 0 8 0 0
1352890837 0 97 208 34 107 4 84 60 0 19 0 0 16 14 0 12 0 8 0 0
1352894325 0 98 208 34 107 4 84 60 0 19 0 0 16 14 0 12 0 8 0 0
1352896654 0 99 208 34 107 4 84 60 0 19 0 0 16 14 0 12 0 8 0 0
1353467635 0 99 208 35 107 4 84 60 0 19 0 0 16 14 0 12 0 8 0 0
1353468224 0 99 208 36 107 4 84 60 0 19 0 0 16 14 0 12 0 8 0 0
1353469090 0 99 208 37 107 4 84 60 0 19 0 0 16 14 0 12 0 8 0 0
1353469192 0 104 208 38 107 4 84 60 0 19 0 0 16 14 0 12 0 8 0 0
1353926717 0 105 208 38 107 4 84 60 0 19 0 0 16 14 0 12 0 8 0 0
1354014999 0 106 208 38 107 4 84 60 0 19 0 0 16 14 0 12 0 8 0 0
1354015039 0 107 208 38 107 4 84 60 0 19 0 0 16 14 0 12 0 8 0 0
1354098968 0 108 208 38 107 4 84 60 0 19 0 0 16 14 0 12 0 8 0 0
1354102922 0 109 208 38 107 4 84 60 0 19 0 0 16 14 0 12 0 8 0 0
1354103009 0 110 208 38 107 4 84 60 0 19 0 0 16 14 0 12 0 8 0 0
1354293879 0 111 208 38 107 4 84 60 0 19 0 0 16 14 0 12 0 8 0 0
1354293947 0 112 208 38 107 4 84 60 0 19 0 0 16 14 0 12 0 8 0 0
1354294004 0 113 208 38 107 4 84 60 0 19 0 0 16 14 0 12 0 8 0 0
1354433744 0 114 208 38 107 4 84 60 0 19 0 0 16 14 0 12 0 8 0 0
1354433818 0 115 208 38 107 4 84 60 0 19 0 0 16 14 0 12 0 8 0 0
1354434990 0 116 208 38 107 4 84 60 0 19 0 0 16 14 0 12 0 8 0 0
1354435901 0 117 208 38 107 4 84 60 0 19 0 0 16 14 0 12 0 8 0 0
1354435938 0 118 208 38 107 4 84 60 0 19 0 0 16 14 0 12 0 8 0 0
1354450859 0 119 208 38 107 4 84 60 0 19 0 0 16 14 0 12 0 8 0 0
1354454144 0 120 208 38 107 4 84 60 0 19 0 0 16 14 0 12 0 8 0 0
1354531854 0 121 208 38 107 4 84 60 0 19 0 0 16 14 0 12 0 8 0 0
1354532048 0 122 208 38 107 4 84 60 0 19 0 0 16 14 0 12 0 8 0 0
1354535907 0 123 208 38 107 4 84 60 0 19 0 0 16 14 0 12 0 8 0 0
1354537704 0 124 208 38 107 4 84 60 0 19 0 0 16 14 0 12 0 8 0 0
1354539226 0 125 208 38 107 4 84 60 0 19 0 0 16 14 0 12 0 8 0 0
1354539404 0 126 208 38 107 4 84 60 0 19 0 0 16 14 0 12 0 8 0 0
1354540331 0 127 208 38 107 4 84 60 0 19 0 0 16 14 0 12 0 8 0 0
1354541026 0 128 208 38 107 4 84 60 0 19 0 0 16 14 0 12 0 8 0 0
1354795165 0 129 208 38 107 4 84 60 0 19 0 0 16 14 0 12 0 8 0 0
1354795244 0 130 208 38 107 4 84 60 0 19 0 0 16 14 0 12 0 8 0 0
1354795282 0 131 208 38 107 4 84 60 0 19 0 0 16 14 0 12 0 8 0 0
1354807093 0 132 208 38 107 4 84 60 0 19 0 0 16 14 0 12 0 8 0 0
1354809011 0 133 208 38 107 4 84 60 0 19 0 0 16 14 0 12 0 8 0 0
1354944293 0 134 208 38 107 4 84 60 0 19 0 0 16 14 0 12 0 8 0 0
1354946056 0 135 208 38 107 4 84 60 0 19 0 0 16 14 0 12 0 8 0 0
1354964604 0 136 208 38 107 4 84 60 0 19 0 0 16 14 0 12 0 8 0 0
1354967742 0 138 208 38 107 4 84 60 0 19 0 0 16 14 0 12 0 8 0 0
1354967937 0 139 208 38 107 4 84 60 0 19 0 0 16 14 0 12 0 8 0 0
1355113730 0 139 208 39 107 4 84 60 0 19 0 0 16 14 0 12 0 8 0 0
1355114801 0 139 208 40 107 4 84 60 0 19 0 0 16 14 0 12 0 8 0 0
1355116584 0 139 208 41 107 4 84 60 0 19 0 0 16 14 0 12 0 8 0 0
1355117265 0 139 208 42 107 5 84 60 0 19 0 0 16 14 0 12 0 8 0 0
1355121790 0 139 208 43 107 5 84 60 0 19 0 0 16 14 0 12 0 8 0 0
1355122879 0 139 208 44 107 5 84 60 0 19 0 0 16 14 0 12 0 8 0 0
1355124370 0 142 208 45 107 5 84 60 0 19 0 0 16 14 0 12 0 8 0 0
1355137268 0 143 208 45 107 5 84 60 0 19 0 0 16 14 0 12 0 8 0 0
1355139095 0 143 208 46 107 5 84 60 0 19 0 0 16 14 0 12 0 8 0 0
1355141587 0 144 208 46 107 5 84 60 0 19 0 0 16 14 0 12 0 8 0 0
1355141794 0 144 208 47 107 5 84 60 0 19 0 0 16 14 0 12 0 8 0 0
1355142051 0 144 208 48 107 5 84 60 0 19 0 0 16 14 0 12 0 8 0 0
1355225666 0 145 208 48 107 5 84 60 0 19 0 0 16 14 0 12 0 8 0 0
1355569557 0 146 208 48 107 5 84 60 0 19 0 0 16 14 0 12 0 8 0 0
1355573471 0 147 208 48 107 5 84 60 0 19 0 0 16 14 0 12 0 8 0 0
1355573670 0 148 208 48 107 5 84 60 0 19 0 0 16 14 0 12 0 8 0 0
1355574038 0 149 208 48 107 5 84 60 0 19 0 0 16 14 0 12 0 8 0 0
1355578277 0 150 208 48 107 5 84 60 0 19 0 0 16 14 0 12 0 8 0 0
1355582374 0 151 208 48 107 5 84 60 0 19 0 0 16 14 0 12 0 8 0 0
1355675053 0 152 208 48 107 5 84 60 0 19 0 0 16 14 0 12 0 8 0 0
1355838736 0 155 208 48 107 5 84 60 0 19 0 0 16 14 0 12 0 8 0 0
1355841095 0 156 208 48 107 5 84 60 0 19 0 0 16 14 0 12 0 8 0 0
1355844014 0 157 208 48 107 5 84 60 0 19 0 0 16 14 0 12 0 8 0 0
1355845633 0 158 208 48 107 5 84 60 0 19 0 0 16 14 0 12 0 8 0 0
1355845674 0 159 208 48 107 5 84 60 0 19 0 0 16 14 0 12 0 8 0 0
1356034424 0 159 208 49 107 5 84 60 0 19 0 0 16 14 0 12 0 8 0 0
1356034770 0 159 208 50 107 5 84 60 0 19 0 0 16 14 0 12 0 8 0 0
1356035040 0 159 208 51 107 5 84 60 0 19 0 0 16 14 0 12 0 8 0 0
1356035272 0 159 208 52 107 5 84 60 0 19 0 0 16 14 0 12 0 8 0 0
1356110143 0 160 208 52 107 5 84 60 0 19 0 0 16 14 0 12 0 8 0 0
1356477505 0 160 208 53 107 5 84 60 0 19 0 0 16 14 0 12 0 8 0 0
1356519313 0 161 208 53 107 5 84 60 0 19 0 0 16 14 0 12 0 8 0 0
1356520172 0 162 208 53 107 5 84 60 0 19 0 0 16 14 0 12 0 8 0 0
1356520489 0 163 208 53 107 5 84 60 0 19 0 0 16 14 0 12 0 8 0 0
1356520585 0 164 208 53 107 5 84 60 0 19 0 0 16 14 0 12 0 8 0 0
1356520698 0 165 208 53 107 5 84 60 0 19 0 0 16 14 0 12 0 8 0 0
1356520714 0 166 208 53 107 5 84 60 0 19 0 0 16 14 0 12 0 8 0 0
1356520863 0 167 208 53 107 5 84 60 0 19 0 0 16 14 0 12 0 8 0 0
1356656612 0 168 208 53 107 5 84 60 0 19 0 0 16 14 0 12 0 8 0 0
1356664224 0 170 208 53 107 5 84 63 0 19 0 0 16 14 0 12 0 8 0 0
1356669081 0 171 208 53 107 5 84 63 0 19 0 0 16 14 0 12 0 8 0 0
1356669276 0 172 208 53 107 5 84 63 0 19 0 0 16 14 0 12 0 8 0 0
1356669964 0 173 208 53 107 5 84 63 0 19 0 0 16 14 0 12 0 8 0 0
1356688353 0 173 208 54 107 5 84 63 0 19 0 0 16 14 0 12 0 8 0 0
1356690883 0 173 208 55 107 5 84 63 0 19 0 0 16 14 0 12 0 8 0 0
1356696542 0 173 208 56 107 5 84 63 0 19 0 0 16 14 0 12 0 8 0 0
1356715331 0 174 208 56 107 5 84 63 0 19 0 0 16 14 0 12 0 8 0 0
1356719528 0 175 208 57 107 5 84 63 0 19 0 0 16 14 0 12 0 8 0 0
1356864308 0 176 208 57 107 5 84 63 0 19 0 0 16 14 0 12 0 8 0 0
1356872274 0 177 208 57 107 5 84 63 0 19 0 0 16 14 0 12 0 8 0 0
1356873192 0 178 208 57 107 5 84 63 0 19 0 0 16 14 0 12 0 8 0 0
1356876470 0 178 208 58 107 5 84 63 0 19 0 0 16 14 0 12 0 8 0 0
1356876768 0 178 208 59 107 5 84 63 0 19 0 0 16 14 0 12 0 8 0 0
1356877589 0 178 208 60 107 5 84 63 0 19 0 0 16 14 0 12 0 8 0 0
1356879842 0 178 208 61 107 5 84 63 0 19 0 0 16 14 0 12 0 8 0 0
1356880299 0 178 208 62 107 5 84 63 0 19 0 0 16 14 0 12 0 8 0 0
1356881013 0 178 208 63 107 5 84 63 0 19 0 0 16 14 0 12 0 8 0 0
1356881365 0 178 208 64 107 5 84 63 0 19 0 0 16 14 0 12 0 8 0 0
1356881754 0 178 208 65 107 5 84 63 0 19 0 0 16 14 0 12 0 8 0 0
1356890031 0 178 208 66 107 5 84 63 0 19 0 0 16 14 0 12 0 8 0 0
1356928735 0 178 208 67 107 5 84 63 0 19 0 0 16 14 0 12 0 8 0 0
1356929162 0 178 208 68 107 5 84 63 0 19 0 0 16 14 0 12 0 8 0 0
1356934705 0 178 208 69 107 5 84 63 0 19 0 0 16 14 0 12 0 8 0 0
1356934788 0 178 208 70 107 5 84 63 0 19 0 0 16 14 0 12 0 8 0 0
1356935705 0 178 208 71 107 5 84 63 0 19 0 0 16 14 0 12 0 8 0 0
1356951748 0 179 208 71 107 5 84 63 0 19 0 0 16 14 0 12 0 8 0 0
1356966498 0 180 208 71 107 5 84 63 0 19 0 0 16 14 0 12 0 8 0 0
1357026759 0 181 208 71 107 5 84 63 0 19 0 0 16 14 0 12 0 8 0 0
1357476686 0 188 208 72 107 5 84 63 0 19 0 0 16 14 0 12 0 8 0 0
1357558369 0 189 208 72 107 5 84 63 0 19 0 0 16 14 0 12 0 8 0 0
1357647688 0 190 208 72 107 5 84 63 0 19 0 0 16 14 0 12 0 8 0 0
1357695814 0 192 208 73 107 5 84 63 0 19 0 0 16 14 0 12 0 8 0 0
1357968704 0 193 208 73 107 5 84 63 0 19 0 0 16 14 0 12 0 8 0 0
1358151409 0 194 208 73 107 5 84 63 0 19 0 0 16 14 0 12 0 8 0 0
1358249806 0 195 208 73 107 5 84 63 0 19 0 0 16 14 0 12 0 8 0 0
1358251792 0 195 208 73 107 5 84 63 0 19 0 0 16 14 0 12 1 8 0 0
1358252171 0 196 208 73 107 5 84 63 0 19 0 0 16 14 0 12 1 8 0 0
1358263448 0 196 208 73 107 5 84 63 0 19 0 0 16 14 0 12 2 8 0 0
1358434231 0 198 208 73 107 5 84 63 0 19 0 0 16 14 0 12 2 8 0 0
1358501013 0 198 208 73 107 5 84 63 0 19 0 0 16 14 0 12 3 8 0 0
1358517318 0 199 208 73 107 5 84 63 0 19 0 0 16 14 0 12 3 8 0 0
1358519372 0 200 208 73 107 5 84 63 0 19 0 0 16 14 0 12 3 8 0 0
1358519515 0 201 208 73 107 5 84 63 0 19 0 0 16 14 0 12 3 8 0 0
1358520589 0 202 208 73 107 5 84 63 0 19 0 0 16 14 0 12 3 8 0 0
1358524618 0 203 208 73 107 5 84 63 0 19 0 0 16 14 0 12 3 8 0 0
1358527296 0 204 208 73 107 5 84 63 0 19 0 0 16 14 0 12 3 8 0 0
1358777039 0 205 208 73 107 5 84 63 0 19 0 0 16 14 0 12 3 8 0 0
1358781150 0 206 208 73 107 5 84 63 0 19 0 0 16 14 0 12 3 8 0 0
1358955909 0 206 208 73 107 5 84 63 0 19 0 0 16 14 0 12 4 8 0 0
1359043205 0 206 208 73 107 5 84 63 0 19 0 0 16 14 0 12 5 8 0 0
1359043521 0 206 208 73 107 5 84 63 0 19 0 0 16 14 0 12 6 8 0 0
1359283494 0 207 208 73 107 5 84 63 0 19 0 0 16 14 0 12 6 8 0 0
1359283863 0 208 208 73 107 5 84 63 0 19 0 0 16 14 0 12 6 8 0 0
1359642723 0 209 208 73 107 5 84 63 0 19 0 0 16 14 0 12 6 8 0 0
1359796376 0 210 208 73 107 5 84 63 0 19 0 0 16 14 0 12 6 8 0 0
1360213504 0 210 208 73 107 5 84 63 0 19 0 0 16 14 0 12 6 8 0 0
1360234841 0 211 208 73 107 5 84 63 0 19 0 0 16 14 0 12 6 8 0 0
1360237217 0 212 208 73 107 5 84 63 0 19 0 0 16 14 0 12 6 8 0 0
1360247180 0 213 208 73 107 5 84 63 0 19 0 0 16 14 0 12 6 8 0 0
1360574866 0 214 208 73 107 5 84 63 0 19 0 0 16 14 0 12 6 8 0 0
1360581410 0 215 208 73 107 5 84 63 0 19 0 0 16 14 0 12 6 8 0 0
1360582605 0 216 208 73 107 5 84 63 0 19 0 0 16 14 0 12 6 8 0 0
1360584985 0 217 208 73 107 5 84 63 0 19 0 0 16 14 0 12 6 8 0 0
1360647882 0 218 208 73 107 5 84 63 0 19 0 0 16 14 0 12 6 8 0 0
1360728626 0 219 208 73 107 5 84 63 0 19 0 0 16 14 0 12 6 8 0 0
1360747548 0 220 208 73 107 5 84 63 0 19 0 0 16 14 0 12 6 8 0 0
1360826450 0 221 208 73 107 5 84 63 0 19 0 0 16 14 0 12 6 8 0 0
1360828740 0 222 208 73 107 5 84 63 0 19 0 0 16 14 0 12 6 8 0 0
1360830536 0 223 208 73 107 5 84 63 0 19 0 0 16 14 0 12 6 8 0 0
1360893082 0 224 208 73 107 5 84 63 0 19 0 0 16 14 0 12 6 8 0 0
1360896919 0 225 208 73 107 5 84 63 0 19 0 0 16 14 0 12 6 8 0 0
1360933602 0 226 208 73 107 5 84 63 0 19 0 0 16 14 0 12 6 8 0 0
1361277146 0 227 208 73 107 5 84 63 0 19 0 0 16 14 0 12 6 8 0 0
1361531978 0 228 208 73 107 5 84 63 0 19 0 0 16 14 0 12 6 8 0 0
1361886172 0 229 208 73 107 5 84 63 0 19 0 0 16 14 0 12 6 8 0 0
1362038293 0 230 208 73 107 5 84 63 0 19 0 0 16 14 0 12 6 8 0 0
1362231802 0 232 208 74 107 5 84 63 0 19 0 0 16 14 0 12 6 8 0 0
1363346018 0 233 208 74 107 5 84 63 0 19 0 0 16 14 0 12 6 8 0 0
1363346373 0 234 208 74 107 5 84 63 0 19 0 0 16 14 0 12 6 8 0 0
1363826029 0 237 208 74 107 5 84 63 0 19 0 0 16 14 0 12 6 8 0 0
1363871277 0 239 208 74 107 5 84 63 0 19 0 0 16 14 0 12 6 8 0 0
1363948542 0 240 208 74 107 5 84 63 0 19 0 0 16 14 0 12 6 8 0 0
1363948824 0 241 208 74 107 5 84 63 0 19 0 0 16 14 0 12 6 8 0 0
1365846557 0 242 208 74 107 5 84 63 0 19 0 0 16 14 0 12 6 8 0 0
1366362916 0 243 208 74 107 5 84 63 0 19 0 0 16 14 0 12 6 8 0 0
1366819285 0 244 208 74 107 5 84 63 0 19 0 0 16 14 0 12 6 8 0 0
1366841881 0 244 208 75 107 5 84 63 0 19 0 0 16 14 0 12 6 8 0 0
1366841964 0 244 208 76 107 5 84 63 0 19 0 0 16 14 0 12 6 8 0 0
1368192968 0 245 208 76 107 5 84 63 0 19 0 0 16 14 0 12 6 8 0 0
1368275727 0 246 208 76 107 5 84 63 0 19 0 0 16 14 0 12 6 8 0 0
1368276044 0 247 208 76 107 5 84 63 0 19 0 0 16 14 0 12 6 8 0 0
1368360666 0 248 208 76 107 5 84 63 0 19 0 0 16 14 0 12 6 8 0 0
1368451175 0 249 208 76 107 5 84 63 0 19 0 0 16 14 0 12 6 8 0 0
1368527755 0 250 208 76 107 5 84 63 0 19 0 0 16 14 0 12 6 8 0 0
1368623753 0 251 208 76 107 5 84 63 0 19 0 0 16 14 0 12 6 8 0 0
1368786622 0 252 208 76 107 5 84 63 0 19 0 0 16 14 0 12 6 8 0 0
1368795125 0 252 208 77 107 5 84 63 0 19 0 0 16 14 0 12 6 8 0 0
1368822664 0 253 208 77 107 5 84 63 0 19 0 0 16 14 0 12 6 8 0 0
1369134507 0 254 208 77 107 5 84 63 0 19 0 0 16 14 0 12 6 8 0 0
1369135689 0 255 208 77 107 5 84 63 0 19 0 0 16 14 0 12 6 8 0 0
1369137814 0 256 208 77 107 5 84 63 0 19 0 0 16 14 0 12 6 8 0 0
1369234284 0 259 208 77 107 5 84 63 0 19 0 0 16 14 0 12 6 8 0 0
1369391664 0 260 208 77 107 5 84 63 0 19 0 0 16 14 0 12 6 8 0 0
1369836084 0 261 208 77 107 5 84 63 0 19 0 0 16 14 0 12 6 8 0 0
1370358648 0 262 208 77 107 5 84 63 0 19 0 0 16 14 0 12 6 8 0 0
1371268253 0 263 208 77 107 5 84 63 0 19 0 0 16 14 0 12 6 8 0 0
1371567870 0 264 208 77 107 5 84 63 0 19 0 0 16 14 0 12 6 8 0 0
1371743761 0 265 208 77 107 5 84 63 0 19 0 0 16 14 0 12 6 8 0 0
1371744052 0 266 208 77 107 5 84 63 0 19 0 0 16 14 0 12 6 8 0 0
1371818849 0 267 208 77 107 5 84 63 0 19 0 0 16 14 0 12 6 8 0 0
1371823007 0 268 208 77 107 5 84 63 0 19 0 0 16 14 0 12 6 8 0 0
1371823502 0 269 208 77 107 5 84 63 0 19 0 0 16 14 0 12 6 8 0 0
1371823894 0 270 208 77 107 5 84 63 0 19 0 0 16 14 0 12 6 8 0 0
1371904475 0 271 208 77 107 5 84 63 0 19 0 0 16 14 0 12 6 8 0 0
1372004931 0 272 208 77 107 5 84 63 0 19 0 0 16 14 0 12 6 8 0 0
1372069983 0 273 208 77 107 5 84 63 0 19 0 0 16 14 0 12 6 8 0 0
1372072709 0 274 208 78 107 5 84 63 0 19 0 0 16 14 0 12 6 8 0 0
1372163921 0 275 208 78 107 5 84 63 0 19 0 0 16 14 0 12 6 8 0 0
1372242884 0 276 208 78 107 5 84 63 0 19 0 0 16 14 0 12 6 8 0 0
1372260040 0 277 208 78 107 5 84 63 0 19 0 0 16 14 0 12 6 8 0 0
1372260324 0 278 208 78 107 5 84 63 0 19 0 0 16 14 0 12 6 8 0 0
1372260384 0 279 208 78 107 5 84 63 0 19 0 0 16 14 0 12 6 8 0 0
1372260441 0 280 208 78 107 5 84 63 0 19 0 0 16 14 0 12 6 8 0 0
1372260506 0 281 208 78 107 5 84 63 0 19 0 0 16 14 0 12 6 8 0 0
1372330952 0 282 208 78 107 5 84 63 0 19 0 0 16 14 0 12 6 8 0 0
1372686455 0 283 208 78 107 5 84 63 0 19 0 0 16 14 0 12 6 8 0 0
1372686953 0 284 208 78 107 5 84 63 0 19 0 0 16 14 0 12 6 8 0 0
1372690601 0 285 208 78 107 5 84 63 0 19 0 0 16 14 0 12 6 8 0 0
1372783961 0 285 208 78 107 8 84 63 0 19 0 0 16 14 0 12 6 8 0 0
1372806291 0 285 208 79 107 8 84 63 0 19 0 0 16 14 0 12 6 8 0 0
1372963219 0 285 208 79 107 9 84 63 0 19 0 0 16 14 0 12 6 8 0 0
1372994085 0 285 208 79 107 10 84 63 0 19 0 0 16 14 0 12 6 8 0 0
1373019231 0 285 208 79 107 12 84 63 0 19 0 0 16 14 0 12 6 8 0 0
1373033020 0 285 208 80 107 12 84 63 0 19 0 0 16 14 0 12 6 8 0 0
1373034646 0 286 208 80 107 12 84 63 0 19 0 0 16 14 0 12 6 8 0 0
1373091280 0 286 208 81 107 12 84 63 0 19 0 0 16 14 0 12 6 8 0 0
1373091551 0 286 208 82 107 12 84 63 0 19 0 0 16 14 0 12 6 8 0 0
1373092712 0 286 208 83 107 12 84 63 0 19 0 0 16 14 0 12 6 8 0 0
1373092840 0 286 208 84 107 12 84 63 0 19 0 0 16 14 0 12 6 8 0 0
1373112419 0 287 208 84 107 12 84 63 0 19 0 0 16 14 0 12 6 8 0 0
1373456800 0 287 208 84 107 12 84 63 1 19 0 0 16 14 0 12 6 8 0 0
1373457439 0 287 208 84 107 12 84 63 2 19 0 0 16 14 0 12 6 8 0 0
1373457715 0 287 208 84 107 12 84 63 3 19 0 0 16 14 0 12 6 8 0 0
1373463067 0 288 208 84 107 12 84 63 3 19 0 0 16 14 0 12 6 8 0 0
1373464198 0 289 208 84 107 12 84 63 3 19 0 0 16 14 0 12 6 8 0 0
1373561616 0 289 208 84 107 12 84 63 4 19 0 0 16 14 0 12 6 8 0 0
1373561810 0 289 208 84 107 12 84 63 5 19 0 0 16 14 0 12 6 8 0 0
1373562866 0 289 208 84 107 12 84 63 6 19 0 0 16 14 0 12 6 8 0 0
1373568109 0 289 208 84 107 12 84 63 7 19 0 0 16 14 0 12 6 8 0 0
1373570440 0 289 208 84 107 12 84 63 8 19 0 0 16 14 0 12 6 8 0 0
1373570549 0 289 208 84 107 12 84 63 9 19 0 0 16 14 0 12 6 8 0 0
1373571018 0 289 208 84 107 12 84 63 10 19 0 0 16 14 0 12 6 8 0 0
1373571858 0 289 208 84 107 12 84 63 11 19 0 0 16 14 0 12 6 8 0 0
1373572029 0 289 208 84 107 12 84 63 12 19 0 0 16 14 0 12 6 8 0 0
1373686476 0 290 208 84 107 12 84 63 12 19 0 0 16 14 0 12 6 8 0 0
1373722814 0 290 208 84 107 13 84 63 12 19 0 0 16 14 0 12 6 8 0 0
1373777303 0 290 208 84 107 14 84 63 12 19 0 0 16 14 0 12 6 8 0 0
1373880426 0 290 208 84 107 15 84 63 12 19 0 0 16 14 0 12 6 8 0 0
1373890626 0 290 208 84 107 15 84 63 13 19 0 0 16 14 0 12 6 8 0 0
1373891999 0 290 208 84 107 15 84 63 14 19 0 0 16 14 0 12 6 8 0 0
1373892565 0 290 208 84 107 15 84 63 15 19 0 0 16 14 0 12 6 8 0 0
1374157680 0 291 208 84 107 15 84 63 15 19 0 0 16 14 0 12 6 8 0 0
1374292754 0 291 208 85 107 15 84 63 15 19 0 0 16 14 0 12 6 8 0 0
1374293577 0 291 208 86 107 15 84 63 15 19 0 0 16 14 0 12 6 8 0 0
1374293601 0 291 208 87 107 15 84 63 15 19 0 0 16 14 0 12 6 8 0 0
1374412440 0 292 208 87 107 16 84 63 15 19 0 0 16 14 0 12 6 8 0 0
1374473621 0 292 208 88 107 17 84 63 15 19 0 0 16 14 0 12 6 8 0 0
1374565359 0 292 208 88 107 17 84 63 16 19 0 0 16 14 0 12 6 8 0 0
1374580018 0 293 208 88 107 17 84 63 16 19 0 0 16 14 0 12 6 8 0 0
1374580096 0 295 208 88 107 17 84 63 16 19 0 0 16 14 0 12 6 8 0 0
1374677658 0 296 208 88 107 17 84 63 16 19 0 0 16 14 0 12 6 8 0 0
1374747048 0 297 208 88 107 17 84 63 16 19 0 0 16 14 0 12 6 8 0 0
1374751101 0 298 208 88 107 17 84 63 16 19 0 0 16 14 0 12 6 8 0 0
1374777528 0 298 208 88 107 18 84 63 16 19 0 0 16 14 0 12 6 8 0 0
1374923676 0 299 208 88 107 18 84 63 16 19 0 0 16 14 0 12 6 8 0 0
1374996645 0 300 208 88 107 18 84 63 16 19 0 0 16 14 0 12 6 8 0 0
1374996712 0 301 208 88 107 18 84 63 16 19 0 0 16 14 0 12 6 8 0 0
1374997319 0 302 208 88 107 18 84 63 16 19 0 0 16 14 0 12 6 8 0 0
1375193832 0 303 208 88 107 18 84 63 16 19 0 0 16 14 0 12 6 8 0 0
1375763986 1 303 208 88 107 18 84 63 16 19 0 0 16 14 0 12 6 8 0 0
1375805508 2 303 208 88 107 18 84 63 16 19 0 0 16 14 0 12 6 8 0 0
1375879922 3 303 208 88 107 18 84 63 16 19 0 0 16 14 0 12 6 8 0 0
1375880307 4 303 208 88 107 18 84 63 16 19 0 0 16 14 0 12 6 8 0 0
1375880388 5 303 208 88 107 18 84 63 16 19 0 0 16 14 0 12 6 8 0 0
1375880429 6 303 208 88 107 18 84 63 16 19 0 0 16 14 0 12 6 8 0 0
1375881310 7 303 208 88 107 18 84 63 16 19 0 0 16 14 0 12 6 8 0 0
1375881320 8 303 208 88 107 18 84 63 16 19 0 0 16 14 0 12 6 8 0 0
1375975747 9 303 208 88 107 18 84 63 16 19 0 0 16 14 0 12 6 8 0 0
1375975770 10 303 208 88 107 18 84 63 16 19 0 0 16 14 0 12 6 8 0 0
1376007447 11 303 208 88 107 18 84 63 16 19 0 0 16 14 0 12 6 8 0 0
1376912484 11 303 208 88 107 19 84 63 16 19 0 0 16 14 0 12 6 8 0 0
1377313845 12 303 208 88 107 19 84 63 16 19 0 0 16 14 0 12 6 8 0 0
1377314465 13 303 208 88 107 19 84 63 16 19 0 0 16 14 0 12 6 8 0 0
1377314503 14 303 208 88 107 19 84 63 16 19 0 0 16 14 0 12 6 8 0 0
1377516442 15 303 208 88 107 19 84 63 16 19 0 0 16 14 0 12 6 8 0 0
1377604343 16 303 208 88 107 19 84 63 16 19 0 0 16 14 0 12 6 8 0 0
1377875348 17 303 208 88 107 19 84 63 16 19 0 0 16 14 0 12 6 8 0 0
1377924228 18 303 208 88 107 19 84 63 16 19 0 0 16 14 0 12 6 8 0 0
1377924841 19 303 208 88 107 19 84 63 16 19 0 0 16 14 0 12 6 8 0 0
1378270011 20 303 208 88 107 19 84 63 16 19 0 0 16 14 0 12 6 8 0 0
1378282552 20 303 208 88 107 19 84 63 16 19 0 0 16 14 0 12 6 8 1 0
1378290483 21 303 208 88 107 19 84 63 16 19 0 0 16 14 0 12 6 8 1 0
1378457693 21 303 208 89 107 19 84 63 16 19 0 0 16 14 0 12 6 8 1 0
1378462305 22 303 208 89 107 19 84 63 16 19 0 0 16 14 0 12 6 8 1 0
1378531017 28 303 208 89 107 19 84 63 16 19 0 0 16 14 0 12 6 8 1 0
1378533825 29 303 208 89 107 19 84 63 16 19 0 0 16 14 0 12 6 8 1 0
1378534398 30 303 208 89 107 19 84 63 16 19 0 0 16 14 0 12 6 8 1 0
1378543237 31 303 208 89 107 19 84 63 16 19 0 0 16 14 0 12 6 8 1 0
1378544530 32 303 208 89 107 19 84 63 16 19 0 0 16 14 0 12 6 8 1 0
1378546028 33 303 208 89 107 19 84 63 16 19 0 0 16 14 0 12 6 8 1 0
1378610236 34 303 208 89 107 19 84 63 16 19 0 0 16 14 0 12 6 8 1 0
1378628730 35 303 208 89 107 19 84 63 16 19 0 0 16 14 0 12 6 8 1 0
1378629571 36 303 208 89 107 19 84 63 16 19 0 0 16 14 0 12 6 8 1 0
1378721370 37 303 208 89 107 19 84 63 16 19 0 0 16 14 0 12 6 8 1 0
1378721670 38 303 208 89 107 19 84 63 16 19 0 0 16 14 0 12 6 8 1 0
1378721989 39 303 208 89 107 19 84 63 16 19 0 0 16 14 0 12 6 8 1 0
1378742298 40 303 208 89 107 19 84 63 16 19 0 0 16 14 0 12 6 8 1 0
1378742320 41 303 208 89 107 19 84 63 16 19 0 0 16 14 0 12 6 8 1 0
1378812755 42 303 208 89 107 19 84 63 16 19 0 0 16 14 0 12 6 8 1 0
1378812863 43 303 208 89 107 19 84 63 16 19 0 0 16 14 0 12 6 8 1 0
1378812891 44 303 208 89 107 19 84 63 16 19 0 0 16 14 0 12 6 8 1 0
1378813471 45 303 208 89 107 19 84 63 16 19 0 0 16 14 0 12 6 8 1 0
1378814916 46 303 208 89 107 19 84 63 16 19 0 0 16 14 0 12 6 8 1 0
1378815673 47 303 208 89 107 19 84 63 16 19 0 0 16 14 0 12 6 8 1 0
1378826029 48 303 208 89 107 19 84 63 16 19 0 0 16 14 0 12 6 8 1 0
1378826421 49 303 208 89 107 19 84 63 16 19 0 0 16 14 0 12 6 8 1 0
1378959324 50 303 208 89 107 19 84 63 16 19 0 0 16 14 0 12 6 8 1 0
1379001406 51 303 208 89 107 19 84 63 16 19 0 0 16 14 0 12 6 8 1 0
1379002074 52 303 208 89 107 19 84 63 16 19 0 0 16 14 0 12 6 8 1 0
1379069626 53 303 208 89 107 19 84 63 16 19 0 0 16 14 0 12 6 8 1 0
1379072003 54 303 208 89 107 19 84 63 16 19 0 0 16 14 0 12 6 8 1 0
1379243675 55 303 208 89 107 19 84 63 16 19 0 0 16 14 0 12 6 8 1 0
1379252644 56 303 208 89 107 19 84 63 16 19 0 0 16 14 0 12 6 8 1 0
1379472503 56 303 208 89 107 20 84 63 16 19 0 0 16 14 0 12 6 8 1 0
1379472633 56 303 208 89 107 21 84 63 16 19 0 0 16 14 0 12 6 8 1 0
1379603684 57 303 208 89 107 21 84 63 16 19 0 0 16 14 0 12 6 8 1 0
1379610211 58 303 208 89 107 21 84 63 16 19 0 0 16 14 0 12 6 8 1 0
1379612737 59 303 208 89 107 28 84 63 16 19 0 0 16 14 0 12 6 8 1 0
1379618705 59 303 208 89 107 29 84 63 16 19 0 0 16 14 0 12 6 8 1 0
1379742285 60 303 208 89 107 29 84 63 16 19 0 0 16 14 0 12 6 8 1 0
1379743305 61 303 208 89 107 29 84 63 16 19 0 0 16 14 0 12 6 8 1 0
1379743405 62 303 208 89 107 29 84 63 16 19 0 0 16 14 0 12 6 8 1 0
1379759943 63 303 208 89 107 29 84 63 16 19 0 0 16 14 0 12 6 8 1 0
1379767871 63 303 208 89 107 30 84 63 16 19 0 0 16 14 0 12 6 8 1 0
1379776289 64 303 208 89 107 32 84 63 16 19 0 0 16 14 0 12 6 8 1 0
1379776690 65 303 208 89 107 32 84 63 16 19 0 0 16 14 0 12 6 8 1 0
1379777376 66 303 208 89 107 32 84 63 16 19 0 0 16 14 0 12 6 8 1 0
1379784996 67 303 208 89 107 32 84 63 16 19 0 0 16 14 0 12 6 8 1 0
1379847166 68 303 208 89 107 32 84 63 16 19 0 0 16 14 0 12 6 8 1 0
1379848986 71 303 208 89 107 32 84 63 16 19 0 0 16 14 0 12 6 8 1 0
1379911835 72 303 208 89 107 32 84 63 16 19 0 0 16 14 0 12 6 8 1 0
1379912838 73 303 208 89 107 32 84 63 16 19 0 0 16 14 0 12 6 8 1 0
1379932112 74 303 208 89 107 32 84 63 16 19 0 0 16 14 0 12 6 8 1 0
1379932167 75 303 208 89 107 32 84 63 16 19 0 0 16 14 0 12 6 8 1 0
1380020928 76 303 208 89 107 32 84 63 16 19 0 0 16 14 0 12 6 8 1 0
1380022948 77 303 208 89 107 32 84 63 16 19 0 0 16 14 0 12 6 8 1 0
1380085755 78 303 208 89 107 32 84 63 16 19 0 0 16 14 0 12 6 8 1 0
1380085877 79 303 208 89 107 32 84 63 16 19 0 0 16 14 0 12 6 8 1 0
1380112576 80 303 208 89 107 32 84 63 16 19 0 0 16 14 0 12 6 8 1 0
1380130081 80 303 208 89 107 32 84 63 16 19 0 0 16 14 0 12 6 8 2 0
1380207056 81 303 208 89 107 32 84 63 16 19 0 0 16 14 0 12 6 8 2 0
1380214885 81 303 208 89 107 32 84 63 16 19 0 0 16 14 0 12 6 8 2 0
1380251202 81 303 208 89 107 32 84 63 16 19 0 0 16 14 0 12 6 8 3 0
1380254841 82 303 208 89 107 32 84 63 16 19 0 0 16 14 0 12 6 8 3 0
1380255231 83 303 208 89 107 32 84 63 16 19 0 0 16 14 0 12 6 8 3 0
1380285213 84 303 208 89 107 32 84 63 16 19 0 0 16 14 0 12 6 8 3 0
1380346925 85 303 208 89 107 32 84 63 16 19 0 0 16 14 0 12 6 8 3 0
1380350639 86 303 208 89 107 32 84 63 16 19 0 0 16 14 0 12 6 8 3 0
1380352652 87 303 208 89 107 32 84 63 16 19 0 0 16 14 0 12 6 8 3 0
1380356784 88 303 208 89 107 32 84 63 16 19 0 0 16 14 0 12 6 8 3 0
1380421066 89 303 208 89 107 32 84 63 16 19 0 0 16 14 0 12 6 8 3 0
1380463653 89 303 208 89 107 32 84 63 16 19 0 0 16 14 0 12 6 8 3 0
1380463901 90 303 208 89 107 32 84 63 16 19 0 0 16 14 0 12 6 8 3 0
1380541148 91 303 208 89 107 32 84 63 16 19 0 0 16 14 0 12 6 8 3 0
1380543023 92 303 208 89 107 32 84 63 16 19 0 0 16 14 0 12 6 8 3 0
1380554089 93 303 208 89 107 32 84 63 16 19 0 0 16 14 0 12 6 8 3 0
1380626413 94 303 208 89 107 32 84 63 16 19 0 0 16 14 0 12 6 8 3 0
1380628165 95 303 208 89 107 32 84 63 16 19 0 0 16 14 0 12 6 8 3 0
1380708643 96 303 208 89 107 32 84 63 16 19 0 0 16 14 0 12 6 8 3 0
1380708826 97 303 208 89 107 32 84 63 16 19 0 0 16 14 0 12 6 8 3 0
1380715158 98 303 208 89 107 32 84 63 16 19 0 0 16 14 0 12 6 8 3 0
1380780379 98 303 208 89 107 32 84 63 16 19 0 0 16 14 0 12 6 8 4 0
1380800693 98 303 208 89 107 33 84 63 16 19 0 0 16 14 0 12 6 8 4 0
1380802987 98 303 208 89 107 33 84 63 16 19 0 0 16 14 0 12 6 8 4 0
1380803393 98 303 208 89 107 33 84 63 16 19 0 0 16 14 0 12 6 8 4 0
1380859325 99 303 208 89 107 33 84 63 16 19 0 0 16 14 0 12 6 8 4 0
1380907162 100 303 208 89 107 33 84 63 16 19 0 0 16 14 0 12 6 8 4 0
1380907206 101 303 208 89 107 33 84 63 16 19 0 0 16 14 0 12 6 8 4 0
1381041338 102 303 208 89 107 33 84 63 16 19 0 0 16 14 0 12 6 8 4 0
1381044771 105 303 208 89 107 33 84 63 16 19 0 0 16 14 0 12 6 8 4 0
1381045862 106 303 208 89 107 33 84 63 16 19 0 0 16 14 0 12 6 8 4 0
1381071788 107 303 208 89 107 33 84 63 16 19 0 0 16 14 0 12 6 8 4 0
1381145903 108 303 208 89 107 33 84 63 16 19 0 0 16 14 0 12 6 8 4 0
1381150147 109 303 208 89 107 33 84 63 16 19 0 0 16 14 0 12 6 8 4 0
1381161798 110 303 208 89 107 33 84 63 16 19 0 0 16 14 0 12 6 8 4 0
1381209858 111 303 208 89 107 33 84 63 16 19 0 0 16 14 0 12 6 8 4 0
1381209902 112 303 208 89 107 33 84 63 16 19 0 0 16 14 0 12 6 8 4 0
1381209936 113 303 208 89 107 33 84 63 16 19 0 0 16 14 0 12 6 8 4 0
1381226704 114 303 208 89 107 33 84 63 16 19 0 0 16 14 0 12 6 8 4 0
1381392528 115 303 208 89 107 33 84 63 16 19 0 0 16 14 0 12 6 8 4 0
1381420491 116 303 208 89 107 33 84 63 16 19 0 0 16 14 0 12 6 8 4 0
1381566395 117 303 208 89 107 33 84 63 16 19 0 0 16 14 0 12 6 8 4 0
1381634401 118 303 208 89 107 33 84 63 16 19 0 0 16 14 0 12 6 8 4 0
1381635775 119 303 208 89 107 33 84 63 16 19 0 0 16 14 0 12 6 8 4 0
1381661187 120 303 208 89 107 33 84 63 16 19 0 0 16 14 0 12 6 8 4 0
1381661731 121 303 208 89 107 33 84 63 16 19 0 0 16 14 0 12 6 8 4 0
1381661833 122 303 208 89 107 33 84 63 16 19 0 0 16 14 0 12 6 8 4 0
1381666957 123 303 208 89 107 33 84 63 16 19 0 0 16 14 0 12 6 8 4 0
1381668341 124 303 208 89 107 33 84 63 16 19 0 0 16 14 0 12 6 8 4 0
1381669191 125 303 208 89 107 33 84 63 16 19 0 0 16 14 0 12 6 8 4 0
1381673065 126 303 208 89 107 33 84 63 16 19 0 0 16 14 0 12 6 8 4 0
1381674101 127 303 208 89 107 33 84 63 16 19 0 0 16 14 0 12 6 8 4 0
1381678475 128 303 208 89 107 33 84 63 16 19 0 0 16 14 0 12 6 8 4 0
1381686720 129 303 208 89 107 33 84 63 16 19 0 0 16 14 0 12 6 8 4 0
1381687351 130 303 208 89 107 33 84 63 16 19 0 0 16 14 0 12 6 8 4 0
1381723732 131 303 208 89 107 33 84 63 16 19 0 0 16 14 0 12 6 8 4 0
1381727186 132 303 208 89 107 33 84 63 16 19 0 0 16 14 0 12 6 8 4 0
1381727278 133 303 208 89 107 33 84 63 16 19 0 0 16 14 0 12 6 8 4 0
1381813456 134 303 208 89 107 33 84 63 16 19 0 0 16 14 0 12 6 8 4 0
1381813488 135 303 208 89 107 33 84 63 16 19 0 0 16 14 0 12 6 8 4 0
1381813753 136 303 208 89 107 33 84 63 16 19 0 0 16 14 0 12 6 8 4 0
1381837786 137 303 208 89 107 33 84 63 16 19 0 0 16 14 0 12 6 8 4 0
1381838375 138 303 208 89 107 33 84 63 16 19 0 0 16 14 0 12 6 8 4 0
1381839703 139 303 208 89 107 33 84 63 16 19 0 0 16 14 0 12 6 8 4 0
1381841132 140 303 208 89 107 33 84 63 16 19 0 0 16 14 0 12 6 8 4 0
1381841885 141 303 208 89 107 33 84 63 16 19 0 0 16 14 0 12 6 8 4 0
1381842446 142 303 208 89 107 33 84 63 16 19 0 0 16 14 0 12 6 8 4 0
1381853190 143 303 208 89 107 33 84 63 16 19 0 0 16 14 0 12 6 8 4 0
1381931463 144 303 208 89 107 33 84 63 16 19 0 0 16 14 0 12 6 8 4 0
1381931640 145 303 208 89 107 33 84 63 16 19 0 0 16 14 0 12 6 8 4 0
1381933849 146 303 208 89 107 33 84 63 16 19 0 0 16 14 0 12 6 8 4 0
1381937613 147 303 208 89 107 33 84 63 16 19 0 0 16 14 0 12 6 8 4 0
1381938438 148 303 208 89 107 33 84 63 16 19 0 0 16 14 0 12 6 8 4 0
1381939081 149 303 208 89 107 33 84 63 16 19 0 0 16 14 0 12 6 8 4 0
1381939199 150 303 208 89 107 33 84 63 16 19 0 0 16 14 0 12 6 8 4 0
1381939280 151 303 208 89 107 33 84 63 16 19 0 0 16 14 0 12 6 8 4 0
1381939353 152 303 208 89 107 33 84 63 16 19 0 0 16 14 0 12 6 8 4 0
1381982722 153 303 208 89 107 33 84 63 16 19 0 0 16 14 0 12 6 8 4 0
1381983211 154 303 208 89 107 33 84 63 16 19 0 0 16 14 0 12 6 8 4 0
1382030943 157 303 208 89 107 33 84 63 16 19 0 0 16 14 0 12 6 8 4 0
1382517353 158 303 208 89 107 33 84 63 16 19 0 0 16 14 0 12 6 8 4 0
1382525378 159 303 208 89 107 33 84 63 16 19 0 0 16 14 0 12 6 8 4 0
1382526509 160 303 208 89 107 33 84 63 16 19 0 0 16 14 0 12 6 8 4 0
1382531331 161 303 208 89 107 33 84 63 16 19 0 0 16 14 0 12 6 8 4 0
1382612058 162 303 208 89 107 33 84 63 16 19 0 0 16 14 0 12 6 8 4 0
1382626256 163 303 208 89 107 33 84 63 16 19 0 0 16 14 0 12 6 8 4 0
1382626395 164 303 208 89 107 33 84 63 16 19 0 0 16 14 0 12 6 8 4 0
1382626499 165 303 208 89 107 33 84 63 16 19 0 0 16 14 0 12 6 8 4 0
1382627668 166 303 208 89 107 33 84 63 16 19 0 0 16 14 0 12 6 8 4 0
1382630494 167 303 208 89 107 33 84 63 16 19 0 0 16 14 0 12 6 8 4 0
1382630703 168 303 208 89 107 33 84 63 16 19 0 0 16 14 0 12 6 8 4 0
1382705654 169 303 208 89 107 33 84 63 16 19 0 0 16 14 0 12 6 8 4 0
1382706533 170 303 208 89 107 33 84 63 16 19 0 0 16 14 0 12 6 8 4 0
1382711601 170 303 208 90 107 33 84 63 16 19 0 0 16 14 0 12 6 8 4 0
1382822884 171 303 208 90 107 33 84 63 16 19 0 0 16 14 0 12 6 8 4 0
1382822990 172 303 208 90 107 33 84 63 16 19 0 0 16 14 0 12 6 8 4 0
1382824065 173 303 208 90 107 33 84 63 16 19 0 0 16 14 0 12 6 8 4 0
1382824640 174 303 208 90 107 33 84 63 16 19 0 0 16 14 0 12 6 8 4 0
1382825013 175 303 208 90 107 33 84 63 16 19 0 0 16 14 0 12 6 8 4 0
1382825146 176 303 208 90 107 33 84 63 16 19 0 0 16 14 0 12 6 8 4 0
1382825486 177 303 208 90 107 33 84 63 16 19 0 0 16 14 0 12 6 8 4 0
1382959412 179 303 208 90 107 33 84 63 16 19 0 0 16 14 0 12 6 8 4 0
1382962659 180 303 208 90 107 33 84 63 16 19 0 0 16 14 0 12 6 8 4 0
1382963884 181 303 208 90 107 33 84 63 16 19 0 0 16 14 0 12 6 8 4 0
1382975404 182 303 208 90 107 33 84 63 16 19 0 0 16 14 0 12 6 8 4 0
1383021850 183 303 208 90 107 33 84 63 16 19 0 0 16 14 0 12 6 8 4 0
1383040479 184 303 208 90 107 33 84 63 16 19 0 0 16 14 0 12 6 8 4 0
1383051817 185 303 208 90 107 33 84 63 16 19 0 0 16 14 0 12 6 8 4 0
1383065001 185 303 208 90 107 34 84 63 16 19 0 0 16 14 0 12 6 8 4 0
1383139416 186 303 208 90 107 34 84 63 16 19 0 0 16 14 0 12 6 8 4 0
1383139980 187 303 208 90 107 34 84 63 16 19 0 0 16 14 0 12 6 8 4 0
1383140020 188 303 208 90 107 34 84 63 16 19 0 0 16 14 0 12 6 8 4 0
1383217941 189 303 208 90 107 34 84 63 16 19 0 0 16 14 0 12 6 8 4 0
1383388157 190 303 208 90 107 34 84 63 16 19 0 0 16 14 0 12 6 8 4 0
1383397571 190 303 208 90 107 35 84 63 16 19 0 0 16 14 0 12 6 8 4 0
1383572227 190 303 208 90 107 35 84 63 16 19 0 0 16 14 0 12 6 8 4 1
1383575580 191 303 208 90 107 35 84 63 16 19 0 0 16 14 0 12 6 8 4 1
1383627160 192 303 208 90 107 35 84 63 16 19 0 0 16 14 0 12 6 8 4 1
1383627236 193 303 208 90 107 35 84 63 16 19 0 0 16 14 0 12 6 8 4 1
1384002824 193 303 208 90 107 35 84 63 16 19 0 0 16 14 0 12 6 8 4 1
1384002926 193 303 208 90 107 35 84 63 16 19 0 0 16 14 0 12 6 8 4 1
1385547337 195 303 208 90 107 35 84 63 16 19 0 0 16 14 0 12 6 8 4 1
1385615757 196 303 208 90 107 35 84 63 16 19 0 0 16 14 0 12 6 8 4 1
1385615834 197 303 208 90 107 35 84 63 16 19 0 0 16 14 0 12 6 8 4 1
1385616099 198 303 208 90 107 35 84 63 16 19 0 0 16 14 0 12 6 8 4 1
1385616298 199 303 208 90 107 35 84 63 16 19 0 0 16 14 0 12 6 8 4 1
1385637241 200 303 208 90 107 35 84 63 16 19 0 0 16 14 0 12 6 8 4 1
1385868513 200 303 208 91 107 35 84 63 16 19 0 0 16 14 0 12 6 8 4 1
1385868811 200 303 208 92 107 35 84 63 16 19 0 0 16 14 0 12 6 8 4 1
1386764961 201 303 208 92 107 35 84 63 16 19 0 0 16 14 0 12 6 8 4 1
1386855116 202 303 208 92 107 35 84 63 16 19 0 0 16 14 0 12 6 8 4 1
1386855484 203 303 208 92 107 35 84 63 16 19 0 0 16 14 0 12 6 8 4 1
1386946267 203 303 208 92 107 37 84 63 16 19 0 0 16 14 0 12 6 8 4 1
1386953559 203 303 208 92 107 38 84 63 16 19 0 0 16 14 0 12 6 8 4 1
1387373886 204 303 208 92 107 38 84 63 16 19 0 0 16 14 0 12 6 8 4 1
1387444598 204 303 208 92 107 38 84 63 16 19 0 0 16 14 0 12 6 8 4 1
1387466462 205 303 208 92 107 38 84 63 16 19 0 0 16 14 0 12 6 8 4 1
1387510275 205 303 208 93 107 38 84 63 16 19 0 0 16 14 0 12 6 8 4 1
1387552184 205 303 208 93 107 38 84 63 16 19 0 0 16 14 0 12 6 8 4 2
1387861960 205 303 208 93 107 38 84 63 16 19 0 0 16 14 1 12 6 8 4 2
1387886752 206 303 208 93 107 38 84 63 16 19 0 0 16 14 1 12 6 8 4 2
1387887020 207 303 208 93 107 38 84 63 16 19 0 0 16 14 1 12 6 8 4 2
1388410722 208 303 208 93 107 38 84 63 16 19 0 0 16 14 1 12 6 8 4 2
1388410790 209 303 208 93 107 38 84 63 16 19 0 0 16 14 1 12 6 8 4 2
1388410899 210 303 208 93 107 38 84 63 16 19 0 0 16 14 1 12 6 8 4 2
1388492953 211 303 208 93 107 38 84 63 16 19 0 0 16 14 1 12 6 8 4 2
1388553404 212 303 208 93 107 38 84 63 16 19 0 0 16 14 1 12 6 8 4 2
1388841101 213 303 208 93 107 38 84 63 16 19 0 0 16 14 1 12 6 8 4 2
1388841700 214 303 208 93 107 38 84 63 16 19 0 0 16 14 1 12 6 8 4 2
1388841939 215 303 208 93 107 38 84 63 16 19 0 0 16 14 1 12 6 8 4 2
1388925880 216 303 208 93 107 38 84 63 16 19 0 0 16 14 1 12 6 8 4 2
1388940403 216 303 208 93 107 38 84 63 16 19 0 0 16 14 1 12 6 8 4 2
1389013036 216 303 208 94 107 38 84 63 16 19 0 0 16 14 1 12 6 8 4 2
1389014045 216 303 208 95 107 38 84 63 16 19 0 0 16 14 1 12 6 8 4 2
1389014977 216 303 208 96 107 38 84 63 16 19 0 0 16 14 1 12 6 8 4 2
1389109764 216 303 208 96 107 38 84 63 16 19 0 0 16 14 1 12 6 8 4 2
1389176011 217 303 208 96 107 38 84 63 16 19 0 0 16 14 1 12 6 8 4 2
1389700462 218 303 208 96 107 38 84 63 16 19 0 0 16 14 1 12 6 8 4 2
1389701060 219 303 208 96 107 38 84 63 16 19 0 0 16 14 1 12 6 8 4 2
1389701933 220 303 208 96 107 38 84 63 16 19 0 0 16 14 1 12 6 8 4 2
1389754764 220 303 208 97 107 38 84 63 16 19 0 0 16 14 1 12 6 8 4 2
1390313154 221 303 208 97 107 38 84 63 16 19 0 0 16 14 1 12 6 8 4 2
1390653606 221 303 208 97 107 39 84 63 16 19 0 0 16 14 1 12 6 8 4 2
1390818152 222 303 208 97 107 39 84 63 16 19 0 0 16 14 1 12 6 8 4 2
1390818333 223 303 208 97 107 39 84 63 16 19 0 0 16 14 1 12 6 8 4 2
1390910956 224 303 208 97 107 39 84 63 16 19 0 0 16 14 1 12 6 8 4 2
1390921147 225 303 208 97 107 39 84 63 16 19 0 0 16 14 1 12 6 8 4 2
1392091441 226 303 208 97 107 39 84 63 16 19 0 0 16 14 1 12 6 8 4 2
1392097515 226 303 208 97 107 39 84 63 16 19 0 0 16 14 2 12 6 8 4 2
1392117145 227 303 208 97 107 39 84 63 16 19 0 0 16 14 2 12 6 8 4 2
1392164568 228 303 208 97 107 39 84 63 16 19 0 0 16 14 2 12 6 8 4 2
1392203709 229 303 208 97 107 39 84 63 16 19 0 0 16 14 2 12 6 8 4 2
1392203764 230 303 208 97 107 39 84 63 16 19 0 0 16 14 2 12 6 8 4 2
1392643317 231 303 208 97 107 39 84 63 16 19 0 0 16 14 2 12 6 8 4 2
1393338680 231 303 208 97 107 40 84 63 16 19 0 0 16 14 2 12 6 8 4 2
1394009772 231 303 208 97 107 40 84 63 16 19 0 0 16 14 3 12 6 8 4 2
1394030995 232 303 208 97 107 40 84 63 16 19 0 0 16 14 3 12 6 8 4 2
1394034121 233 303 208 97 107 40 84 63 16 19 0 0 16 14 3 12 6 8 4 2
1394194840 233 303 208 97 107 40 84 63 16 19 0 0 16 14 4 12 6 8 4 2
1394197283 234 303 208 97 107 40 84 63 16 19 0 0 16 14 4 12 6 8 4 2
1394211306 235 303 208 97 107 40 84 63 16 19 0 0 16 14 4 12 6 8 4 2
1394262066 236 303 208 97 107 40 84 63 16 19 0 0 16 14 4 12 6 8 4 2
1394262104 237 303 208 97 107 40 84 63 16 19 0 0 16 14 4 12 6 8 4 2
1394296658 238 303 208 97 107 40 84 63 16 19 0 0 16 14 4 12 6 8 4 2
1394296846 239 303 208 97 107 40 84 63 16 19 0 0 16 14 4 12 6 8 4 2
1394296976 240 303 208 97 107 40 84 63 16 19 0 0 16 14 4 12 6 8 4 2
1394383839 240 303 208 97 107 40 84 63 16 19 0 0 16 14 5 12 6 8 4 2
1394411089 241 303 208 97 107 40 84 63 16 19 0 0 16 14 5 12 6 8 4 2
1394446755 242 303 208 97 107 40 84 63 16 19 0 0 16 14 5 12 6 8 4 2
1394449617 243 303 208 97 107 40 84 63 16 19 0 0 16 14 5 12 6 8 4 2
1394449655 244 303 208 97 107 40 84 63 16 19 0 0 16 14 5 12 6 8 4 2
1394511111 245 303 208 97 107 40 84 63 16 19 0 0 16 14 5 12 6 8 4 2
1394511490 246 303 208 97 107 40 84 63 16 19 0 0 16 14 5 12 6 8 4 2
1394532549 247 303 208 97 107 40 84 63 16 19 0 0 16 14 5 12 6 8 4 2
1394532585 248 303 208 97 107 40 84 63 16 19 0 0 16 14 5 12 6 8 4 2
1394535152 249 303 208 97 107 40 84 63 16 19 0 0 16 14 5 12 6 8 4 2
1394536551 250 303 208 97 107 40 84 63 16 19 0 0 16 14 5 12 6 8 4 2
1394542576 251 303 208 97 107 40 84 63 16 19 0 0 16 14 5 12 6 8 4 2
1394548099 252 303 208 97 107 40 84 63 16 19 0 0 16 14 5 12 6 8 4 2
1394548452 253 303 208 97 107 40 84 63 16 19 0 0 16 14 5 12 6 8 4 2
1394624507 254 303 208 97 107 40 84 63 16 19 0 0 16 14 5 12 6 8 4 2
1394624910 255 303 208 97 107 40 84 63 16 19 0 0 16 14 5 12 6 8 4 2
1394629314 256 303 208 97 107 40 84 63 16 19 0 0 16 14 5 12 6 8 4 2
1394703878 256 303 208 97 107 40 84 63 16 19 0 0 16 14 6 12 6 8 4 2
1394708792 257 303 208 97 107 40 84 63 16 19 0 0 16 14 6 12 6 8 4 2
1394709581 258 303 208 97 107 40 84 63 16 19 0 0 16 14 6 12 6 8 4 2
1394713253 259 303 208 97 107 40 84 63 16 19 0 0 16 14 6 12 6 8 4 2
1394722630 260 303 208 97 107 40 84 63 16 19 0 0 16 14 6 12 6 8 4 2
1394725437 261 303 208 97 107 40 84 63 16 19 0 0 16 14 6 12 6 8 4 2
1394727007 262 303 208 97 107 40 84 63 16 19 0 0 16 14 6 12 6 8 4 2
1394773161 263 303 208 97 107 40 84 63 16 19 0 0 16 14 6 12 6 8 4 2
1394902261 263 303 208 97 107 40 84 63 16 19 0 0 16 14 7 12 6 8 4 2
1394970493 264 303 208 97 107 40 84 63 16 19 0 0 16 14 7 12 6 8 4 2
1394970813 265 303 208 97 107 40 84 63 16 19 0 0 16 14 7 12 6 8 4 2
1394971075 266 303 208 97 107 40 84 63 16 19 0 0 16 14 7 12 6 8 4 2
1394973521 267 303 208 97 107 40 84 63 16 19 0 0 16 14 7 12 6 8 4 2
1394975530 268 303 208 97 107 40 84 63 16 19 0 0 16 14 7 12 6 8 4 2
1395033241 269 303 208 97 107 40 84 63 16 19 0 0 16 14 7 12 6 8 4 2
1395059227 270 303 208 97 107 40 84 63 16 19 0 0 16 14 7 12 6 8 4 2
1395325761 271 303 208 97 107 40 84 63 16 19 0 0 16 14 7 12 6 8 4 2
1395325799 272 303 208 97 107 40 84 63 16 19 0 0 16 14 7 12 6 8 4 2
1395756142 273 303 208 97 107 40 84 63 16 19 0 0 16 14 7 12 6 8 4 2
1395982601 274 303 208 97 107 40 84 63 16 19 0 0 16 14 7 12 6 8 4 2
1395982618 275 303 208 97 107 40 84 63 16 19 0 0 16 14 7 12 6 8 4 2
1396001967 276 303 208 97 107 40 84 63 16 19 0 0 16 14 7 12 6 8 4 2
1396001979 277 303 208 97 107 40 84 63 16 19 0 0 16 14 7 12 6 8 4 2
1396011198 278 303 208 97 107 40 84 63 16 19 0 0 16 14 7 12 6 8 4 2
1396064687 279 303 208 97 107 40 84 63 16 19 0 0 16 14 7 12 6 8 4 2
1396066472 280 303 208 97 107 40 84 63 16 19 0 0 16 14 7 12 6 8 4 2
1396113674 281 303 208 97 107 40 84 63 16 19 0 0 16 14 7 12 6 8 4 2
1396115313 282 303 208 97 107 41 84 63 16 19 0 0 16 14 7 12 6 8 4 2
1396166676 282 303 208 98 107 41 84 63 16 19 0 0 16 14 7 12 6 8 4 2
1396168934 282 303 208 99 107 41 84 63 16 19 0 0 16 14 7 12 6 8 4 2
1396171311 282 303 208 100 107 41 84 63 16 19 0 0 16 14 7 12 6 8 4 2
1396172176 282 303 208 101 107 41 84 63 16 19 0 0 16 14 7 12 6 8 4 2
1396243018 283 303 208 101 107 41 84 63 16 19 0 0 16 14 7 12 6 8 4 2
1396252397 283 303 208 102 107 41 84 63 16 19 0 0 16 14 7 12 6 8 4 2
1396257472 283 303 208 103 107 41 84 63 16 19 0 0 16 14 7 12 6 8 4 2
1396269251 284 303 208 103 107 41 84 63 16 19 0 0 16 14 7 12 6 8 4 2
1396270613 285 303 208 103 107 41 84 63 16 19 0 0 16 14 7 12 6 8 4 2
1396327740 286 303 208 103 107 41 84 63 16 19 0 0 16 14 7 12 6 8 4 2
1396335601 286 303 208 104 107 41 84 63 16 19 0 0 16 14 7 12 6 8 4 2
1396336498 286 303 208 105 107 41 84 63 16 19 0 0 16 14 7 12 6 8 4 2
1396337218 286 303 208 106 107 41 84 63 16 19 0 0 16 14 7 12 6 8 4 2
1396338067 286 303 208 107 107 41 84 63 16 19 0 0 16 14 7 12 6 8 4 2
1396340346 286 303 208 108 107 41 84 63 16 19 0 0 16 14 7 12 6 8 4 2
1396340403 286 303 208 109 107 41 84 63 16 19 0 0 16 14 7 12 6 8 4 2
1396340530 286 303 208 110 107 41 84 63 16 19 0 0 16 14 7 12 6 8 4 2
1396343720 286 303 208 111 107 41 84 63 16 19 0 0 16 14 7 12 6 8 4 2
1396345300 286 303 208 112 107 41 84 63 16 19 0 0 16 14 7 12 6 8 4 2
1396347376 287 303 208 112 107 41 84 63 16 19 0 0 16 14 7 12 6 8 4 2
1396356234 287 303 208 112 107 42 84 63 16 19 0 0 16 14 7 12 6 8 4 2
1396358401 288 303 208 112 107 42 84 63 16 19 0 0 16 14 7 12 6 8 4 2
1396358851 289 303 208 112 107 42 84 63 16 19 0 0 16 14 7 12 6 8 4 2
1396359866 290 303 208 112 107 42 84 63 16 19 0 0 16 14 7 12 6 8 4 2
1396361971 291 303 208 112 107 42 84 63 16 19 0 0 16 14 7 12 6 8 4 2
1396362028 291 303 208 113 107 42 84 63 16 19 0 0 16 14 7 12 6 8 4 2
1396362316 291 303 208 114 107 42 84 63 16 19 0 0 16 14 7 12 6 8 4 2
1396433637 292 303 208 114 107 42 84 63 16 19 0 0 16 14 7 12 6 8 4 2
1396433703 293 303 208 114 107 42 84 63 16 19 0 0 16 14 7 12 6 8 4 2
1396439617 294 303 208 114 107 42 84 63 16 19 0 0 16 14 7 12 6 8 4 2
1396440610 295 303 208 114 107 42 84 63 16 19 0 0 16 14 7 12 6 8 4 2
1396440645 296 303 208 114 107 42 84 63 16 19 0 0 16 14 7 12 6 8 4 2
1396444165 296 303 208 115 107 42 84 63 16 19 0 0 16 14 7 12 6 8 4 2
1396444241 296 303 208 116 107 42 84 63 16 19 0 0 16 14 7 12 6 8 4 2
1396522896 297 303 208 116 107 42 84 63 16 19 0 0 16 14 7 12 6 8 4 2
1396522976 298 303 208 116 107 42 84 63 16 19 0 0 16 14 7 12 6 8 4 2
1396523054 299 303 208 116 107 42 84 63 16 19 0 0 16 14 7 12 6 8 4 2
1396524532 300 303 208 116 107 42 84 63 16 19 0 0 16 14 7 12 6 8 4 2
1396623015 300 303 208 116 107 45 84 63 16 19 0 0 16 14 8 12 6 8 4 2
1396699671 301 303 208 116 107 45 84 63 16 19 0 0 16 14 8 12 6 8 4 2
1396793459 302 303 208 116 107 45 84 63 16 19 0 0 16 14 8 12 6 8 4 2
1396793532 303 303 208 116 107 45 84 63 16 19 0 0 16 14 8 12 6 8 4 2
1396843556 304 303 208 116 107 45 84 63 16 19 0 0 16 14 8 12 6 8 4 2
1396843591 305 303 208 116 107 45 84 63 16 19 0 0 16 14 8 12 6 8 4 2
1396846598 306 303 208 116 107 46 84 63 16 19 0 0 16 14 8 12 6 8 4 2
1396877809 307 303 208 116 107 48 84 63 16 19 0 0 16 14 8 12 6 8 4 2
1396879148 308 303 208 116 107 49 84 63 16 19 0 0 16 14 8 12 6 8 4 2
1396896930 308 303 208 116 107 50 84 63 16 19 0 0 16 14 8 12 6 8 4 2
1396898427 308 303 208 117 107 50 84 63 16 19 0 0 16 14 8 12 6 8 4 2
1396954910 309 303 208 117 107 50 84 63 16 19 0 0 16 14 8 12 6 8 4 2
1396956290 310 303 208 117 107 51 84 63 16 19 0 0 16 14 8 12 6 8 4 2
1396960941 311 303 208 117 107 51 84 63 16 19 0 0 16 14 8 12 6 8 4 2
1397052500 311 303 208 118 107 51 84 63 16 19 0 0 16 14 8 12 6 8 4 2
1397179500 312 303 208 118 107 51 84 63 16 19 0 0 16 14 8 12 6 8 4 2
1397179528 313 303 208 118 107 51 84 63 16 19 0 0 16 14 8 12 6 8 4 2
1397180715 314 303 208 118 107 51 84 63 16 19 0 0 16 14 8 12 6 8 4 2
1397925286 314 303 208 119 107 51 84 63 16 19 0 0 16 14 8 12 6 8 4 2
1398165060 314 303 208 119 107 52 84 63 16 19 0 0 16 14 8 12 6 8 4 2
1398170733 314 303 208 119 107 53 84 63 16 19 0 0 16 14 8 12 6 8 4 2
1398170851 314 303 208 119 107 54 84 63 16 19 0 0 16 14 8 12 6 8 4 2
1398171939 314 303 208 119 107 55 84 63 16 19 0 0 16 14 8 12 6 8 4 2
1398172078 314 303 208 119 107 56 84 63 16 19 0 0 16 14 8 12 6 8 4 2
1398245041 314 303 208 119 107 57 84 63 16 19 0 0 16 14 8 12 6 8 4 2
1398941796 314 303 208 119 107 58 84 63 16 19 0 0 16 14 8 12 6 8 4 2
1399110896 314 303 208 119 107 59 84 63 16 19 0 0 16 14 8 12 6 8 4 2
1399371824 315 303 208 119 107 59 84 63 16 19 0 0 16 14 8 12 6 8 4 2
1399448835 315 303 208 120 107 59 84 63 16 19 0 0 16 14 8 12 6 8 4 2
1399449027 315 303 208 121 107 59 84 63 16 19 0 0 16 14 8 12 6 8 4 2
1399449249 315 303 208 122 107 59 84 63 16 19 0 0 16 14 8 12 6 8 4 2
1399814467 315 303 208 122 107 59 84 63 16 19 0 0 16 14 8 12 6 8 4 2
1399907413 316 303 208 122 107 59 84 63 16 19 0 0 16 14 8 12 6 8 4 2
1402488669 317 303 208 122 107 59 84 63 16 19 0 0 16 14 8 12 6 8 4 2
1402489416 318 303 208 122 107 59 84 63 16 19 0 0 16 14 8 12 6 8 4 2
1404130605 318 303 208 122 107 59 84 63 16 19 0 1 16 14 8 12 6 8 4 2
1404131397 319 303 208 122 107 59 84 63 16 19 0 1 16 14 8 12 6 8 4 2
1404468731 320 303 208 122 107 59 84 63 16 19 0 1 16 14 8 12 6 8 4 2
1404628814 320 303 208 122 107 59 84 63 16 19 0 2 16 14 8 12 6 8 4 2
1404632989 321 303 208 122 107 59 84 63 16 19 0 2 16 14 8 12 6 8 4 2
1405084086 321 303 208 122 107 59 84 63 16 19 0 2 16 14 8 12 6 8 4 2
1405395297 321 303 208 122 107 59 84 63 16 19 0 3 16 14 8 12 6 8 4 2
1405428938 322 303 208 122 107 59 84 63 16 19 0 3 16 14 8 12 6 8 4 2
1406179319 323 303 208 122 107 59 84 63 16 19 0 3 16 14 8 12 6 8 4 2
1406179387 324 303 208 122 107 59 84 63 16 19 0 3 16 14 8 12 6 8 4 2
1406361393 324 303 208 122 107 59 84 63 16 19 0 4 16 14 8 12 6 8 4 2
1406362844 324 303 208 122 107 59 84 63 16 19 0 5 16 14 8 12 6 8 4 2
1406947855 325 303 208 122 107 59 84 63 16 19 0 5 16 14 8 12 6 8 4 2
1406948666 326 303 208 122 107 59 84 63 16 19 0 5 16 14 8 12 6 8 4 2
1406950260 326 303 208 122 107 59 84 63 16 19 0 6 16 14 8 12 6 8 4 2
1406954450 326 303 208 122 107 59 84 63 16 19 0 6 16 14 8 12 6 8 4 2
1406954895 327 303 208 122 107 59 84 63 16 19 0 6 16 14 8 12 6 8 4 2
1406955673 328 303 208 122 107 59 84 63 16 19 0 6 16 14 8 12 6 8 4 2
1406955748 329 303 208 122 107 59 84 63 16 19 0 6 16 14 8 12 6 8 4 2
1406956389 330 303 208 122 107 59 84 63 16 19 0 6 16 14 8 12 6 8 4 2
1407497888 331 303 208 122 107 59 84 63 16 19 0 6 16 14 8 12 6 8 4 2
1407946396 331 303 208 122 107 59 84 63 16 19 0 6 16 14 8 12 6 8 4 2
1407975931 332 303 208 122 107 59 84 63 16 19 0 6 16 14 8 12 6 8 4 2
1408443465 332 303 208 122 107 59 84 63 16 19 0 6 16 14 8 12 6 8 4 2
1408443573 332 303 208 122 107 59 84 63 16 19 0 6 16 14 8 12 6 8 4 2
1409223474 333 303 208 122 107 59 84 63 16 19 0 6 16 14 8 12 6 8 4 2
1409276797 333 303 208 122 107 59 84 63 16 19 0 7 16 14 8 12 6 8 4 2
1409280804 333 303 208 122 107 59 84 63 16 19 0 8 16 14 8 12 6 8 4 2
1409403769 333 303 208 122 107 59 84 63 16 19 0 9 16 14 8 12 6 8 4 2
1409404968 333 303 208 122 107 59 84 63 16 19 0 10 16 14 8 12 6 8 4 2
1409548906 334 303 208 122 107 59 84 63 16 19 0 10 16 14 8 12 6 8 4 2
1413532219 334 303 208 122 107 59 84 63 16 19 0 10 16 14 8 12 6 8 4 2
1413555038 335 303 208 122 107 59 84 63 16 19 0 12 16 14 8 12 6 8 4 2
1413791031 335 303 208 122 107 59 84 63 16 19 0 13 16 14 8 12 6 8 4 2
1414152150 335 303 208 122 107 59 84 63 16 19 0 15 16 14 8 12 6 8 4 2
1414154831 336 303 208 122 107 59 84 63 16 19 0 15 16 14 8 12 6 8 4 2
1414156384 336 303 208 122 107 59 84 63 16 19 0 16 16 14 8 12 6 8 4 2
1414496637 337 303 208 122 107 59 84 63 16 19 0 16 16 14 8 12 6 8 4 2
1419762913 337 303 208 123 107 59 84 63 16 19 0 16 16 14 8 12 6 8 4 2
1419763071 337 303 208 124 107 60 84 63 16 19 0 16 16 14 8 12 6 8 4 2
1419937148 337 303 208 125 107 60 84 63 16 19 0 16 16 14 8 12 6 8 4 2
1419939414 338 303 208 125 107 60 84 63 16 19 0 16 16 14 8 12 6 8 4 2
1420085997 338 303 208 125 107 61 84 63 16 19 0 16 16 14 8 12 6 8 4 2
1420086032 338 303 208 125 107 62 84 63 16 19 0 16 16 14 8 12 6 8 4 2
1420184521 338 303 208 125 107 62 84 63 16 19 1 16 16 14 8 12 6 8 4 2
1420188714 339 303 208 125 107 62 84 63 16 19 1 16 16 14 8 12 6 8 4 2
1420219573 339 303 208 125 107 62 84 63 16 19 1 16 16 14 9 12 6 8 4 2
1420278449 339 303 208 125 107 62 84 63 16 19 1 16 16 14 10 12 6 8 4 2
1420289964 339 303 208 125 107 62 84 63 16 19 1 16 16 14 11 12 6 8 4 2
1420292372 340 303 208 125 107 62 84 63 16 19 1 16 16 14 11 12 6 8 4 2
1420292698 341 303 208 125 107 64 84 63 16 19 1 16 16 14 11 12 6 8 4 2
1420293821 342 303 208 125 107 64 84 63 16 19 1 16 16 14 11 12 6 8 4 2
1420368804 342 303 208 125 107 65 84 63 16 19 1 16 16 14 11 12 6 8 4 2
1420390999 342 303 208 126 107 65 84 63 16 19 1 16 16 14 11 12 6 8 4 2
1420612357 342 303 208 126 107 65 84 63 16 19 2 16 16 14 11 12 6 8 4 2
1420612382 342 303 208 126 107 65 84 63 16 19 3 16 16 14 11 12 6 8 4 2
1420612583 342 303 208 126 107 65 84 63 16 19 4 16 16 14 11 12 6 8 4 2
1420615198 342 303 208 126 107 65 84 63 16 19 5 16 16 14 11 12 6 8 4 2
1420615797 342 303 208 126 107 65 84 63 16 19 6 16 16 14 11 12 6 8 4 2
1420620144 342 303 208 127 107 65 84 63 16 19 6 16 16 14 11 12 6 8 4 2
1420621097 342 303 208 128 107 65 84 63 16 19 6 16 16 14 11 12 6 8 4 2
1420621392 342 303 208 129 107 65 84 63 16 19 6 16 16 14 11 12 6 8 4 2
1420621521 342 303 208 130 107 65 84 63 16 19 6 16 16 14 11 12 6 8 4 2
1420633535 343 303 208 130 107 65 84 63 16 19 6 16 16 14 11 12 6 8 4 2
1420639580 343 303 208 130 107 65 84 63 16 19 7 16 16 14 11 12 6 8 4 2
1420640649 343 303 208 130 107 65 84 63 16 19 7 16 16 14 12 12 6 8 4 2
1420644818 344 303 208 130 107 65 84 63 16 19 7 16 16 14 12 12 6 8 4 2
1420646220 345 303 208 130 107 65 84 63 16 19 7 16 16 14 12 12 6 8 4 2
1420646711 346 303 208 130 107 65 84 63 16 19 7 16 16 14 12 12 6 8 4 2
1420647010 347 303 208 130 107 65 84 63 16 19 7 16 16 14 12 12 6 8 4 2
1420647185 348 303 208 130 107 65 84 63 16 19 7 16 16 14 12 12 6 8 4 2
1420647694 349 303 208 130 107 65 84 63 16 19 7 16 16 14 12 12 6 8 4 2
1420648292 350 303 208 130 107 65 84 63 16 19 7 16 16 14 12 12 6 8 4 2
1420691113 351 303 208 130 107 65 84 63 16 19 7 16 16 14 12 12 6 8 4 2
1420691484 352 303 208 130 107 65 84 63 16 19 7 16 16 14 12 12 6 8 4 2
1420732962 352 303 208 130 107 65 84 63 17 19 7 16 16 14 12 12 6 8 4 2
1420733232 352 303 208 130 107 65 84 63 18 19 7 16 16 14 12 12 6 8 4 2
1420733540 352 303 208 130 107 65 84 63 19 19 7 16 16 14 12 12 6 8 4 2
1420733965 352 303 208 130 107 65 84 63 20 19 7 16 16 14 12 12 6 8 4 2
1420734198 352 303 208 130 107 65 84 63 21 19 7 16 16 14 12 12 6 8 4 2
1420780513 352 303 208 130 107 65 84 63 21 19 8 16 16 14 12 12 6 8 4 2
1420780546 352 303 208 130 107 65 84 63 21 19 9 16 16 14 12 12 6 8 4 2
1420780568 352 303 208 130 107 65 84 63 21 19 10 16 16 14 12 12 6 8 4 2
1420780588 352 303 208 130 107 65 84 63 21 19 11 16 16 14 12 12 6 8 4 2
1420798224 353 303 208 130 107 65 84 63 21 19 11 16 16 14 12 12 6 8 4 2
1420798659 354 303 208 130 107 65 84 63 21 19 11 16 16 14 12 12 6 8 4 2
1420805525 355 303 208 130 107 65 84 63 21 19 11 16 16 14 12 12 6 8 4 2
1420809401 355 303 208 130 107 66 84 63 21 19 11 16 16 14 12 12 6 8 4 2
1420814231 355 303 208 130 107 67 84 63 21 19 11 16 16 14 12 12 6 8 4 2
1420815649 355 303 208 130 107 68 84 63 21 19 11 16 16 14 12 12 6 8 4 2
1420821040 355 303 208 131 107 68 84 63 21 19 11 16 16 14 12 12 6 8 4 2
1420830108 355 303 208 131 107 69 84 63 21 19 11 16 16 14 12 12 6 8 4 2
1420872054 355 303 208 131 107 69 84 63 21 19 12 16 16 14 12 12 6 8 4 2
1420872910 356 303 208 131 107 69 84 63 21 19 12 16 16 14 12 12 6 8 4 2
1420873407 357 303 208 131 107 69 84 63 21 19 12 16 16 14 12 12 6 8 4 2
1420875330 358 303 208 131 107 69 84 63 21 19 12 16 16 14 12 12 6 8 4 2
1420875538 359 303 208 131 107 69 84 63 21 19 12 16 16 14 12 12 6 8 4 2
1420875940 360 303 208 131 107 69 84 63 21 19 12 16 16 14 12 12 6 8 4 2
1420877241 361 303 208 131 107 69 84 63 21 19 12 16 16 14 12 12 6 8 4 2
1420890367 361 303 208 131 107 69 84 63 21 19 12 16 16 14 13 12 6 8 4 2
1420901743 362 303 208 131 107 69 84 63 21 19 12 16 16 14 13 12 6 8 4 2
1421129125 362 303 208 132 107 69 84 63 21 19 12 16 16 14 13 12 6 8 4 2
1421230401 362 303 208 132 107 70 84 63 21 19 12 16 16 14 13 12 6 8 4 2
1423365274 363 303 208 132 107 70 84 63 21 19 12 16 16 14 13 12 6 8 4 2
1423621785 363 303 208 133 107 70 84 63 21 19 12 16 16 14 13 12 6 8 4 2
1423972882 363 303 208 134 107 70 84 63 21 19 12 16 16 14 13 12 6 8 4 2
1424460183 363 303 208 134 107 71 84 63 21 19 12 16 16 14 13 12 6 8 4 2
1424461716 363 303 208 134 107 72 84 63 21 19 12 16 16 14 13 12 6 8 4 2
1424462848 363 303 208 134 107 73 84 63 21 19 12 16 16 14 13 12 6 8 4 2
1425107395 363 303 208 134 107 73 84 63 21 19 12 16 16 14 13 12 6 8 4 2
1425125680 364 303 208 134 107 73 84 63 21 19 12 16 16 14 13 12 6 8 4 2
1425986015 365 303 208 134 107 73 84 63 21 19 12 16 16 14 13 12 6 8 4 2
1426061776 365 303 208 135 107 73 84 63 21 19 12 16 16 14 13 12 6 8 4 2
1426071464 365 303 208 135 107 74 84 63 21 19 12 16 16 14 13 12 6 8 4 2
1426074243 366 303 208 135 107 74 84 63 21 19 12 16 16 14 13 12 6 8 4 2
1426845741 367 303 208 135 107 74 84 63 21 19 12 16 16 14 13 12 6 8 4 2
1426914934 367 303 208 135 107 75 84 63 21 19 12 16 16 14 13 12 6 8 4 2
1427114838 367 303 208 135 107 76 84 63 21 19 12 16 16 14 13 12 6 8 4 2
1427114953 367 303 208 135 107 77 84 63 21 19 12 16 16 14 13 12 6 8 4 2
1427137831 367 303 208 135 107 78 84 63 21 19 12 16 16 14 13 12 6 8 4 2
1427265967 367 303 208 135 107 79 84 63 21 19 12 16 16 14 13 12 6 8 4 2
1427289744 367 303 208 135 107 80 84 63 21 19 12 16 16 14 13 12 6 8 4 2
1427289833 367 303 208 135 107 81 84 63 21 19 12 16 16 14 13 12 6 8 4 2
1428091927 367 303 208 135 107 82 84 63 21 19 12 16 16 14 13 12 6 8 4 2
1428092013 367 303 208 135 107 83 84 63 21 19 12 16 16 14 13 12 6 8 4 2
1429245464 367 303 208 135 107 84 84 63 21 19 12 16 16 14 13 12 6 8 4 2
1429551756 367 303 208 135 107 85 84 63 21 19 12 16 16 14 13 12 6 8 4 2
1429552603 367 303 208 135 107 86 84 63 21 19 12 16 16 14 13 12 6 8 4 2
1429553943 367 303 208 135 107 87 84 63 21 19 12 16 16 14 13 12 6 8 4 2
1429554072 367 303 208 135 107 88 84 63 21 19 12 16 16 14 13 12 6 8 4 2
1430977515 367 303 208 136 107 89 84 63 21 19 12 16 16 14 13 12 6 8 4 2
1432407131 367 303 208 136 107 90 84 63 21 19 12 16 16 14 13 12 6 8 4 2
1432836191 367 303 208 136 107 91 84 63 21 19 12 16 16 14 13 12 6 8 4 2
1433005533 367 303 208 136 107 92 84 63 21 19 12 16 16 14 13 12 6 8 4 2
1433184695 367 303 208 136 107 94 84 63 21 19 12 16 16 14 13 12 6 8 4 2
1433257831 367 303 208 137 107 95 84 63 21 19 12 16 16 14 13 12 6 8 4 2
1434043111 367 303 208 137 107 95 84 63 21 19 12 16 16 14 13 12 6 8 4 2
1434365351 368 303 208 137 107 95 84 63 21 19 12 16 16 14 13 12 6 8 4 2
1434520000 368 303 208 138 107 95 84 63 21 19 12 16 16 14 13 12 6 8 4 2
1434564833 368 303 208 138 107 95 84 63 21 19 12 16 16 14 13 12 6 8 4 3
1434566907 368 303 208 138 107 95 84 63 21 19 12 16 16 14 13 12 6 8 4 4
1434567173 368 303 208 138 107 95 84 63 21 19 12 16 16 14 13 12 6 8 4 5
1434631626 369 303 208 138 107 95 84 63 21 19 12 16 16 14 13 12 6 8 4 5
1439120650 369 303 208 138 107 95 84 63 21 19 12 16 16 14 13 12 6 8 5 5
1439120798 370 303 208 138 107 95 84 63 21 19 12 16 16 14 13 12 6 8 5 5
1439122034 370 303 208 138 107 95 84 63 21 19 12 16 16 14 13 12 6 8 6 5
1439124682 371 303 208 138 107 95 84 63 21 19 12 16 16 14 13 12 6 8 6 5
1439181358 372 303 208 138 107 95 84 63 21 19 12 16 16 14 13 12 6 8 6 5
1439347042 372 303 208 139 107 95 84 63 21 19 12 16 16 14 13 12 6 8 6 5
1439738286 372 303 208 139 107 96 84 63 21 19 12 16 16 14 13 12 7 8 6 5
1440862533 372 303 208 139 107 96 84 63 21 19 12 16 16 14 13 12 7 8 6 5
1440863817 373 303 208 139 107 96 84 63 21 19 12 16 16 14 13 12 7 8 6 5
1440916731 373 303 208 139 107 96 84 63 21 19 13 16 16 14 13 12 7 8 6 5
1440919747 373 303 208 139 107 96 84 63 21 19 13 16 16 14 13 12 8 8 6 5
1440995743 373 303 208 139 107 96 84 63 21 19 14 16 16 14 13 12 8 8 6 5
1440997854 374 303 208 139 107 96 84 63 21 19 14 16 16 14 13 12 8 8 6 5
1441382956 374 303 208 139 107 96 84 63 21 19 14 16 16 14 13 12 8 8 6 5
1441383910 375 303 208 139 107 96 84 63 21 19 14 16 16 14 13 12 8 8 6 5
1455071934 375 303 208 140 107 97 84 63 21 19 14 16 16 14 13 12 8 8 6 5
1457940090 375 303 208 140 107 97 84 63 21 19 16 16 16 14 13 12 8 8 6 5
1458362679 375 303 208 140 107 97 84 63 21 19 17 16 16 14 13 12 8 8 6 5
1458795826 375 303 208 140 107 97 84 63 21 19 18 16 16 14 13 12 8 8 6 5
1458915249 375 303 208 140 107 98 84 63 21 19 18 16 16 14 13 12 8 8 6 5
1458915701 375 303 208 140 107 99 84 63 21 19 18 16 16 14 13 12 8 8 6 5
1459135905 376 303 208 140 107 99 84 63 21 19 18 16 16 14 13 12 8 8 6 5
1459136021 377 303 208 140 107 99 84 63 21 19 18 16 16 14 13 12 8 8 6 5
1459228137 377 303 208 140 107 99 84 63 21 19 18 16 16 14 13 12 8 8 6 5
1459243289 377 303 208 140 107 99 84 63 21 19 18 16 16 14 13 12 9 8 6 5
1459248588 377 303 208 140 107 99 84 63 21 19 19 16 16 14 13 12 9 8 6 5
1459258977 377 303 208 140 107 99 84 63 21 19 19 16 16 14 13 12 10 8 6 5
1459267905 377 303 208 140 107 99 84 63 21 19 19 16 16 14 13 12 11 8 6 5
1459325581 377 303 208 141 107 99 84 63 21 19 19 16 16 14 13 12 11 8 6 5
1459355261 378 303 208 141 107 99 84 63 21 19 19 16 16 14 13 12 11 8 6 5
1459356491 379 303 208 141 107 99 84 63 21 19 19 16 16 14 13 12 11 8 6 5
1459441386 380 303 208 141 107 99 84 63 21 19 19 16 16 14 13 12 11 8 6 5
1459757896 380 303 208 141 107 99 84 63 21 19 19 16 16 14 13 12 11 8 6 5
1460130484 381 303 208 141 107 99 84 63 21 19 19 16 16 14 13 12 11 8 6 5
1460374172 382 303 208 141 107 99 84 63 21 19 19 16 16 14 13 12 11 8 6 5
1460375336 383 303 208 141 107 99 84 63 21 19 19 16 16 14 13 12 11 8 6 5
1460383680 383 303 208 142 107 100 84 63 21 19 19 16 16 14 13 12 11 8 6 5
1460389354 383 303 208 143 107 100 84 63 21 19 19 16 16 14 13 12 11 8 6 5
1460390612 383 303 208 144 107 100 84 63 21 19 19 16 16 14 13 12 11 8 6 5
1460466411 384 303 208 144 107 100 84 63 21 19 19 16 16 14 13 12 11 8 6 5
1460466536 385 303 208 144 107 100 84 63 21 19 19 16 16 14 13 12 11 8 6 5
