1102344568 167840
1102345299 167840
1102857504 167840
1102866793 167840
1102902463 167855
1103477163 171806
1103477194 171811
1104075708 171822
1104201003 171839
1104209348 171957
1104209963 172032
1104210971 172034
1104218570 172041
1104218628 172041
1104524443 172135
1104524488 172139
1104721092 172181
1106666545 172132
1106701626 172139
1106965313 172144
1107793022 172144
1107793065 172144
1107794319 172160
1108224798 172176
1108224805 172184
1108406152 172183
1108745424 172183
1108745433 172188
1108745440 172188
1108771933 172192
1108771950 172343
1108771980 172328
1108771989 172373
1108771998 172385
1108801415 172385
1108801425 172392
1108801437 172392
1108803013 172394
1108811726 172406
1108827766 172406
1108865017 172406
1108911787 172406
1108914472 172413
1108914479 172420
1109220765 172431
1109230713 172455
1109234987 172469
1109300600 172473
1109300601 172473
1109300612 172489
1109300614 172498
1109300616 172509
1109300618 172515
1109410977 172516
1109439555 172522
1109441274 172516
1109443628 172520
1109524222 172514
1109555940 172519
1109560239 172520
1109708204 172521
1109744449 172521
1109744553 172521
1109744624 172520
1110350683 172521
1111151558 172535
1111228966 172569
1111291126 172595
1111302501 172621
1111389631 172658
1111391341 172654
1111473466 172644
1112086550 172680
1112284457 172713
1112285515 172713
1112285994 172809
1112286195 172818
1112349781 172850
1112435445 172872
1112435650 172872
1112459305 172872
1112493749 172885
1112514797 173004
1112518704 173005
1112521453 173005
1112872621 173018
1113664628 173018
1114775996 173017
1123163387 173044
1123490540 173049
1123507665 173066
1128088929 173066
1128089805 173073
1128873950 173079
1128953885 173088
1129213704 173146
1129334559 173146
1129334997 173145
1129346719 173276
1129388052 173321
1129390680 173321
1129392081 173321
1129394149 173320
1129465418 173320
1129572377 173326
1129575406 173358
1129590323 173363
1129668472 173372
1129949641 173380
1129963737 173381
1129963779 173381
1129963784 173380
1129963789 173377
1129963798 173377
1129963805 173377
1129963809 173285
1129963822 173270
1129963825 173255
1129963833 173266
1129963838 173266
1129963841 172980
1129963848 172980
1129963852 172980
1129963856 172984
1129963890 172984
1129963894 172984
1129963898 172984
1129963911 172980
1129963917 172987
1129963921 172990
1129963925 173022
1129963935 173022
1129963940 173024
1129963946 173025
1129963951 173031
1129963955 173032
1129963960 173035
1129963977 173035
1129964075 173036
1129964086 173035
1129964089 173035
1129964094 173041
1129964279 173086
1129964301 173274
1129964319 173275
1129964338 173275
1129964352 173311
1129964367 173318
1130023129 173314
1130046732 173314
1130168547 173380
1130697563 174092
1130754288 174101
1130761871 174105
1130764986 174152
1130767631 174175
1130768085 174182
1130805749 174187
1131250733 174458
1131250811 174459
1131710094 174473
1131766377 174492
1131892348 174499
1131893387 174506
1133448272 174528
1133619570 174621
1133621689 174626
1133670566 231475
1133672266 231931
1133672321 231935
1133673276 231937
1133680824 231961
1133690835 232004
1133697873 232081
1133883209 232105
1133886415 232119
1133887737 232123
1133927045 232123
1133970411 232135
1134821663 232416
1134908895 232428
1134910937 232438
1135952741 232457
1138199087 232465
1141490199 232469
1142209941 232474
1142354475 232482
1143098776 232486
1143307713 232501
1146284727 232501
1146285458 232855
1146285678 232514
1146323524 232595
1146323810 232595
1146335935 232644
1146337904 232673
1146368348 232720
1146373827 232730
1146375432 232733
1146375744 232739
1146376159 232739
1146377389 232743
1146409301 232744
1146545533 233047
1146549785 233055
1146583589 233060
1146723350 233087
1146896615 233117
1146898122 233132
1146900708 233153
1147090178 233157
1147092063 233168
1147139968 233182
1147199648 232738
1147199793 232742
1147251310 232753
1147307581 232760
1147481284 232763
1147639808 244965
1147640184 244975
1147640699 244980
1147642292 244988
1147675420 244995
1147968864 244995
1148017588 245002
1148094848 245017
1148138333 245026
1150726284 244796
1162187473 244805
1162791411 244830
1162986239 244838
1163661042 245317
1163662994 245321
1164160123 245373
1164393720 245382
1164396681 245394
1164440492 245402
1164447214 245402
1164481666 245407
1164683665 245421
1164683842 245421
1164684293 245429
1164690757 245454
1164719843 245454
1164809787 245457
1164817278 245461
1164817297 245461
1164820753 245472
1164858861 245478
1165240612 245521
1165298054 245529
1165326188 245538
1166418960 245547
1167405289 232519
1167782501 232527
1177047987 232541
1177048112 232541
1177048733 232541
1194169555 232545
1199768319 232582
1200460639 232577
1200460976 232580
1202218463 232592
1202394657 234439
1202396149 234480
1202478280 234489
1202744543 234495
1206867896 234497
1207126820 234491
1209341884 234490
1215109111 234670
1215109112 234678
1215409668 234683
1215409669 234687
1221898206 234692
1221898805 234697
1221901081 234697
1222173636 234705
1222173637 234734
1222219131 234733
1222845507 234734
1222845509 234734
1222845512 234743
1222845515 234742
1222850883 234742
1223142404 234742
1223570862 234419
1223571639 234965
1223701174 234973
1223701789 234980
1223703851 234979
1223726370 235012
1223748552 235070
1223906982 235062
1223907329 235062
1223959846 235064
1223959852 235089
1223959940 235091
1223964356 235144
1223973874 235158
1223973942 235158
1223978640 235164
1223978665 235264
1223982888 235272
1223984989 235272
1223985963 235271
1223986163 235269
1223995600 235281
1223996497 235281
1223999714 235319
1224010830 235320
1224014757 235317
1224015341 235326
1224018982 235320
1224037241 235347
1224049316 235268
1224051527 235268
1224051945 235268
1224057409 235317
1224057417 235317
1224171417 235331
1224272428 235518
1224280021 235548
1224315188 235718
1224315250 235718
1224319061 235726
1224349042 235740
1224358424 235804
1224360216 235832
1224406400 235841
1224424570 235737
1224427832 235745
1224434684 235787
1224467919 235787
1224487083 235847
1224490879 235850
1224491025 235850
1224530411 235999
1224653647 236010
1224659046 235962
1224659599 235969
1224668151 235966
1224681412 236024
1224754893 236027
1224777040 236147
1224785471 236163
1224809048 236165
1224809197 236163
1224866545 236162
1224921883 236170
1224921888 236152
1224955944 236159
1224957422 236179
1225148035 236247
1225157990 236257
1225692111 236265
1226100483 236270
1226616281 236276
1226620259 236317
1226624256 236369
1226802526 236404
1226806478 236395
1227085785 236403
1227103738 236408
1227337395 236451
1227363694 236455
1227463136 236487
1227463299 236491
1227463347 236492
1227464050 236501
1227772233 236510
1227772367 236510
1227775865 236529
1228024421 236558
1228025091 236561
1228027872 236548
1228038612 236553
1228039149 236554
1228042009 237630
1228046103 237776
1228069680 237793
1228076259 237924
1228079376 238022
1228080051 238041
1228080484 238045
1228080667 238053
1228081734 238054
1228082980 238055
1228083542 238056
1228084111 238060
1228091977 238071
1228093165 238077
1228098453 238084
1228098641 238089
1228139824 238095
1228141760 238097
1228322523 238101
1228703141 238112
1228806940 238123
1232810417 238119
1233292599 238129
1233433362 238016
1254391332 238021
1282760887 238021
1282762461 238026
1282762674 238034
1289109927 238034
1289110173 238041
1289110570 238042
1289110928 238031
1289115193 238032
1289117363 238032
1289117662 238032
1289124904 238046
1289131706 238047
1289131839 238047
1289148260 238131
1289149095 238141
1289151937 238447
1289152410 238460
1289183209 238465
1289183376 238472
1289184745 238475
1289204802 238546
1289227265 238553
1289229590 238559
1289230512 238565
1289231810 238566
1289235553 238573
1289276939 238584
1289328887 238592
1289330489 238595
1289647041 238606
1289652357 238672
1289652759 238677
1289653998 238678
1289800957 238703
1298149557 238707
1298149882 238714
1298150688 238724
1298151311 238740
1298255952 238743
1298809790 238748
1298809898 238749
1298811066 238749
1298934335 238753
1298935040 235937
1298945942 235937
1298946515 235933
1298947203 235933
1298959676 235933
1299093838 235934
1299094071 235941
1299094366 235941
1299094717 235944
1299095361 235947
1299096193 235956
1299096315 235956
1299689036 235956
1304327039 235956
1310288871 235958
1310289334 236001
1311573248 236001
1313544024 236004
1318149901 236005
1322767894 236003
1322769680 236003
1324967606 236003
1325447819 236003
1328517764 236004
1328583680 236004
1334980664 236006
1335859838 236044
1335860790 236046
1335861242 236043
1335861619 236026
1335861631 236027
1336109576 235992
1336111559 236002
1336111659 236002
1336118978 236002
1338782492 236004
1339223339 236004
1341202657 236004
1341493887 236005
1344354513 236004
1345051360 236009
1346137151 236009
1346688992 236034
1347083099 236036
1347087158 239241
1347091410 236056
1347091537 236056
1347092441 236066
1347307971 236069
1348146568 236069
1349183135 236071
1349189212 236077
1349192346 236077
1349192448 236077
1349333954 236079
1349334911 236103
1349343830 236142
1349354322 236142
1349357385 236147
1349357993 236147
1349364794 236154
1349368177 236285
1349368531 236287
1349369716 236288
1349370926 236312
1349370947 236312
1349580287 236321
1349580801 236321
1349580935 236321
1349580983 236329
1349581525 236317
1349581810 236311
1349618682 236322
1349774310 236322
1349775821 236326
1350267535 235820
1350272392 235831
1350310535 235863
1350312008 235870
1350476072 235836
1350483367 235671
1350487991 235671
1350490341 235705
1350490708 235714
1350491071 235714
1350492678 235716
1350519540 235717
1350528974 235674
1350529051 235673
1350531282 235671
1350531294 235671
1350568007 235669
1350570681 235671
1350575570 235678
1350603434 235683
1350604073 235682
1350749132 235697
1350750628 235701
1350753717 235704
1350775388 236007
1350775529 236008
1350778196 236013
1350780019 235937
1350780563 235939
1350781764 235952
1350785926 236016
1350786168 236019
1350787269 236012
1350796042 236020
1350910971 236021
1350922752 236110
1350994936 236157
1351067302 236159
1351100220 236159
1351100601 236162
1351123519 236169
1351129828 236188
1351172791 236236
1351176730 236244
1351248596 236217
1351250826 236217
1351252627 236776
1351254107 236776
1351256504 236695
1351257501 236750
1351257907 236749
1351258063 236750
1351263343 236760
1351265465 236760
1351272522 236760
1351272570 236760
1351305322 236695
1351421419 236820
1351421506 236821
1351429452 236823
1351429469 236851
1351478594 237368
1351695393 237369
1351782511 237383
1351783261 237383
1352205375 237387
1352213311 237422
1352213872 237424
1352286401 237588
1352382704 237498
1352386886 237496
1352387246 237496
1352387953 237499
1352391182 237536
1352456583 237554
1352457277 237684
1352469384 237690
1352526814 237866
1352803914 237871
1352890837 237871
1352894325 237956
1352896654 237954
1353244894 237965
1353244951 237967
1353245033 237975
1353322549 237964
1353322906 237956
1353467635 237958
1353468224 237961
1353469090 237961
1353469192 237963
1353926717 237956
1354014999 237956
1354015039 237974
1354098968 237972
1354102922 238115
1354103009 238119
1354293879 238155
1354293947 238155
1354294004 238178
1354433744 238210
1354433818 238230
1354434990 238239
1354435901 238243
1354435938 238242
1354450859 238521
1354454144 238549
1354531854 238563
1354532048 238726
1354535907 238729
1354537704 238752
1354539226 238725
1354539404 238745
1354540331 238753
1354541026 238772
1354795165 238823
1354795244 238870
1354795282 238869
1354807093 238885
1354809011 238941
1354944293 238990
1354946056 239021
1354964604 239099
1354967702 239097
1354967742 239099
1354967937 239095
1355061338 239491
1355063070 239489
1355063329 239506
1355113730 239101
1355114801 239132
1355116584 239244
1355117265 239244
1355121790 239255
1355122879 239261
1355124370 239379
1355137268 239552
1355139095 239552
1355141587 239552
1355141794 239555
1355142051 239563
1355225666 239563
1355569557 239589
1355573471 239590
1355573670 239592
1355574038 239592
1355578277 239615
1355582374 239618
1355670088 239627
1355674631 239629
1355675053 239626
1355838736 239627
1355841095 239910
1355844014 239933
1355845633 239973
1355845674 239973
1356034424 239979
1356034770 239976
1356035040 239979
1356035272 239982
1356110143 239983
1356477505 239983
1356519313 239983
1356520172 239983
1356520489 239983
1356520585 240016
1356520698 240024
1356520714 240024
1356520863 240024
1356622198 240048
1356622484 240051
1356625101 240055
1356625320 240066
1356656612 240039
1356664224 240043
1356669081 240073
1356669276 240073
1356669964 240073
1356688353 240078
1356690883 240086
1356696542 240086
1356712024 240088
1356715331 240085
1356719528 240082
1356750904 243617
1356751610 243716
1356808212 243611
1356864308 240422
1356872274 240099
1356873192 240104
1356876470 240423
1356876768 240424
1356877533 243641
1356877589 240422
1356877641 243641
1356879204 243641
1356879842 240418
1356880299 240418
1356881013 240423
1356881365 240426
1356881754 240428
1356890031 243624
1356928735 243624
1356929162 243624
1356934705 243627
1356934788 243630
1356935705 243636
1356951748 243635
1356966498 243622
1357026759 243622
1357213760 243631
1357476686 243631
1357558369 243718
1357647688 243719
1357695814 243720
1358251792 243720
1358263448 243720
1358434213 243738
1358434231 243721
1358501013 243803
1358517318 243803
1358519372 243789
1358519515 243797
1358520589 243803
1358524618 243809
1358527296 243817
1358777039 243817
1358781150 243820
1358955909 243844
1359043205 243841
1359043521 243841
1359283494 243790
1359283863 243793
1359642723 243820
1359796376 243823
1360213504 250260
1360234841 250259
1360237217 250289
1360247180 250288
1360574866 250294
1360581410 250298
1360582605 250298
1360584985 250293
1360647882 250422
1360728626 250483
1360747548 250516
1360826450 250546
1360828740 250548
1360830536 250548
1360893082 250556
1360896919 250580
1360933602 250601
1360933709 250493
1361277146 250606
1361368444 250492
1361531978 250606
1361886172 250606
1362013343 250604
1362038293 250600
1362231802 250611
1363346018 250700
1363346373 250700
1363795856 250752
1363796765 250752
1363826029 250729
1363869219 250747
1363871277 250752
1363948542 250782
1363948673 253082
1363948824 250838
1364001281 253095
1365846557 250858
1366362916 250856
1366819285 250876
1366841881 250875
1366841964 250876
1368192968 250881
1368275727 250882
1368276044 250906
1368360666 250912
1368451175 250925
1368527755 250956
1368623753 250956
1368786622 250974
1368795125 250987
1368822664 250992
1369134507 250992
1369135689 251003
1369137814 251003
1369234284 251003
1370358648 251005
1371268253 251004
1371567870 251064
1371744052 251117
1371818849 251120
1371823007 251114
1371823502 251119
1371823894 251119
1371904475 251112
1372004931 251119
1372069983 251138
1372070132 251159
1372072709 251143
1372163921 251159
1372242884 251065
1372260040 251060
1372260324 251065
1372260384 251066
1372260441 251069
1372260506 251070
1372330952 251075
1372686455 251057
1372686953 251060
1372690601 251071
1372749743 251071
1372751436 251071
1372783961 251071
1372806291 251073
1372963219 251073
1372994085 251073
1372995035 251073
1373019231 251074
1373033020 251073
1373034646 251077
1373091280 251078
1373091551 251082
1373092712 251096
1373092840 251099
1373112419 251099
1373463067 251102
1373464198 251113
1373543902 251000
1373686476 250958
1373722814 250958
1373777303 250958
1373880426 250956
1374079922 250994
1374157680 250958
1374292754 250959
1374293577 250962
1374293601 250982
1374336556 250987
1374412440 250986
1374473621 250989
1374580018 250994
1374580096 250994
1374677658 251002
1374747048 251004
1374751101 251002
1374777528 251002
1374923676 251006
1374996645 251006
1374996712 251006
1374997319 251010
1375193832 251012
1375763986 251042
1375805508 251042
1375879922 251044
1375880307 250912
1375880388 250913
1375880429 250911
1375881310 250911
1375881320 250910
1375975747 250910
1375975770 250910
1376007447 250910
1376912484 250909
1377313845 250542
1377314465 250537
1377314503 250537
1377516442 250542
1377604343 250553
1377875348 250549
1377924228 250550
1377924841 250550
1378270011 250550
1378282552 250549
1378290483 250555
1378457693 250555
1378462305 250584
1378531017 250594
1378628730 250594
1378629571 250635
1378742298 250639
1378742320 250692
1378812863 250727
1378812891 250727
1378959324 250731
1379001406 250746
1379002074 250772
1379069626 250781
1379072003 250772
1379243675 250796
1379472503 250796
1379472633 250798
1379603684 250827
1379610211 250825
1379612737 250822
1379742285 250546
1379743305 250539
1379743405 250542
1379759943 250528
1379767871 250535
1379769292 250535
1379769439 250524
1379776289 250535
1379776690 250524
1379777376 250524
1379784996 250529
1379847166 250530
1379848986 250577
1379911835 250579
1379912838 250683
1379932112 250888
1379932167 250897
1380020928 250914
1380022948 251087
1380112576 251084
1380130081 251087
1380207056 251095
1380214885 251100
1380251202 251100
1380254841 251140
1380255231 251145
1380421066 251144
1380463901 251208
1380541148 251207
1380543023 251258
1380554089 251257
1380628165 251258
1380708643 251947
1380708826 251953
1380715158 251953
1380780379 251965
1380800693 251965
1380803393 251990
1380859325 252000
1380907162 252000
1380907206 252002
1381041338 252053
1381042482 252119
1381044719 252289
1381044771 252055
1381045862 252407
1381071788 252544
1381145903 252685
1381150147 252685
1381161798 252749
1381209858 252768
1381209902 252934
1381209936 252958
1381226704 252958
1381420491 253032
1381723732 253035
1381727186 253147
1381727278 253083
1381838375 253085
1381853190 253083
1381982722 253083
1382517353 253079
1382525378 253068
1382526509 253068
1382531331 253060
1382612058 253008
1382962659 253667
1384002824 253125
1384002926 253649
1385547337 253667
1385615757 253667
1385615834 253685
1385616099 253737
1385616298 253736
1385637241 253741
1385868513 253742
1385868811 253744
1386764961 407106
1386855116 407111
1386855484 407117
1386908815 407121
1386946267 407119
1386953559 407124
1387373886 407124
1387444598 407129
1387466462 407179
1387510275 407183
1387886752 407186
1387887020 407187
1388410722 407240
1388410790 407466
1388410899 407478
1388492953 407469
1388553404 407504
1388841101 408511
1388841700 408486
1388841939 408489
1388925880 408538
1389013036 408538
1389014045 408540
1389014977 408540
1389176011 408565
1389700462 408581
1389701060 408597
1389701933 408597
1389754764 408598
1390313154 408598
1390653606 408599
1390818152 408605
1390818333 408605
1390910956 408606
1390921147 408659
1392091441 408661
1392117145 408680
1392164568 408686
1392203709 408707
1392203764 408708
1392643317 408710
1393338680 408715
1394030995 408732
1394034121 408732
1394197283 408798
1394211306 408798
1394262066 408808
1394262104 408808
1394296658 408803
1394296846 408802
1394296976 408802
1394411089 408824
1394446755 408838
1394449617 409500
1394449655 409498
1394511111 409499
1394511490 409501
1394532549 409501
1394532585 409501
1394535152 409539
1394536551 409524
1394542576 409926
1394548099 409930
1394548452 409893
1394624507 409893
1394624910 409893
1394629314 409917
1394708792 409943
1394709581 409978
1394713253 409987
1394722630 410038
1394725437 410070
1394727007 410038
1394773161 410039
1394970493 410039
1394970813 410039
1394971075 410040
1394973521 410043
1394975530 410043
1395033241 410231
1395059227 410251
1395325761 409594
1395325799 409589
1395756142 409588
1395982601 409592
1395982618 409592
1396001967 409593
1396001979 409661
1396011198 409669
1396064687 409695
1396066472 409697
1396090625 409698
1396113674 409698
1396115313 409698
1396166676 409698
1396168934 409694
1396171311 409685
1396172176 409687
1396243018 409686
1396252397 409712
1396257472 409751
1396269251 409729
1396270613 409706
1396327740 409706
1396335601 409720
1396336498 409720
1396337218 409723
1396338067 409725
1396340346 409724
1396340403 409728
1396340530 409728
1396343720 409738
1396345300 409738
1396347376 409795
1396356234 409795
1396358401 409795
1396358851 409799
1396359866 409805
1396361971 409805
1396362028 409837
1396362316 409835
1396433637 409835
1396433703 409835
1396439617 409835
1396440610 409839
1396440645 409837
1396444165 409842
1396444241 409840
1396522896 409828
1396522976 409828
1396523054 409828
1396524532 409828
1396590672 409827
1396602866 409827
1396603056 409827
1396699671 409828
1396793459 409851
1396793532 409852
1396800489 409908
1396801274 409906
1396801464 409906
1396843556 409906
1396843591 409907
1396846598 409908
1396854949 409906
1396877809 409906
1396879148 409905
1396896930 409907
1396898427 409895
1396935895 409895
1396954910 409895
1396956290 409895
1396960941 409914
1397052500 409912
1397179500 409912
1397179528 409912
1397180715 409916
1397925286 409918
1398165060 409918
1398170733 409918
1398170851 409918
1398171939 409918
1398172078 409918
1398245041 409918
1398941796 409918
1399110896 409918
1399371824 409915
1399448835 409912
1399449027 409910
1399449249 409912
1399907413 409931
1402488669 409966
1402489416 409967
1404131397 410017
1404468731 410019
1404632989 410025
1405428938 410032
1406179319 410029
1406179387 410029
1406947855 410029
1406948666 410046
1406954895 410052
1406955673 410052
1406955748 410081
1406956389 410125
1407497888 410125
1407975931 410128
1409223474 410144
1409548906 410203
1413555038 410206
1414154831 410206
1414496637 410313
1418988025 410444
1419762913 410310
1419763071 410307
1419937148 410455
1419939414 410453
1420085997 410454
1420086032 410453
1420128757 410640
1420129208 410641
1420188714 410453
1420292372 410635
1420292698 410634
1420293821 410641
1420368804 410641
1420390999 410648
1420620144 410649
1420621097 410650
1420621392 410652
1420621521 410653
1420633535 410680
1420646220 410696
1420646711 410695
1420647010 410696
1420647185 410696
1420647694 410697
1420648292 410698
1420691113 410699
1420691484 410699
1420798224 410709
1420798659 410710
1420805525 410710
1420809401 410710
1420814231 410711
1420815649 410713
1420821040 410713
1420830108 410712
1420872910 410712
1420873407 410712
1420875330 410712
1420875538 410717
1420875940 410717
1420877241 410723
1420901743 410839
1421129125 410841
1421230401 410841
1423365274 410841
1423621785 410843
1423972882 410844
1424460183 410844
1424461716 410844
1424462848 410845
1425125680 410845
1425986015 410845
1426071464 410845
1426074243 410866
1426845741 410893
1426914934 410893
1427114838 410893
1427114953 410893
1427137831 410893
1427265967 410889
1427289744 410897
1427289833 410897
1428091927 410896
1428092013 410896
1428658828 411244
1429245464 410894
1429551756 410894
1429552603 410894
1429553943 410894
1429554072 410895
1430770303 410894
1430977515 410895
1432407131 410894
1432836191 410894
1433005533 410895
1433178005 410902
1433184695 410903
1433234889 410902
1433257831 410902
1434365351 410930
1434520000 410931
1434631626 410970
1439120798 410977
1439124682 410987
1439181358 410987
1439229336 411225
1439347042 410985
1439738286 411229
1440863817 411227
1440919747 411227
1440997854 411232
1441383910 411244
1455071934 411244
1458915249 411245
1458915701 411246
1459135905 411257
1459136021 411257
1459243289 411257
1459258977 411263
1459267905 411263
1459325581 411264
1459356491 411264
1459441386 411268
1459495968 411268
1459497204 411270
1460051929 411291
1460130484 411270
1460374172 411276
1460375336 411289
1460383680 411291
1460389354 411296
1460390612 411301
1460466411 411314
1460466536 411314
